#RISULTATO DI ESECUZIONE SINGLE-NODE DEL TASK 3.2 SU FLIGHT_SAMPLE_CLEANED_PARQUET
#SPARKSQL

origin	month	voli_basso	avg_dep_basso	avg_arr_basso	voli_medio	avg_dep_medio	avg_arr_medio	voli_alto	avg_dep_alto	avg_arr_alto	causa_canc_piu_frequente
ABE	3	1	0.0	0.0	0	0.0	0.0	0	0.0	0.0	N/A
ABE	6	2	0.0	0.0	0	0.0	0.0	0	0.0	0.0	N/A
ABE	7	1	0.0	0.0	0	0.0	0.0	0	0.0	0.0	N/A
ABE	8	0	0.0	0.0	1	55.0	137.0	0	0.0	0.0	N/A
ABE	9	1	0.0	0.0	0	0.0	0.0	0	0.0	0.0	N/A
ABI	11	1	0.0	0.0	0	0.0	0.0	0	0.0	0.0	N/A
ABI	12	1	0.0	0.0	0	0.0	0.0	0	0.0	0.0	N/A
ABQ	1	3	5.0	4.0	0	0.0	0.0	0	0.0	0.0	N/A
ABQ	2	2	0.0	13.0	0	0.0	0.0	0	0.0	0.0	N/A
ABQ	3	1	0.0	0.0	2	30.0	17.5	0	0.0	0.0	N/A
ABQ	4	1	0.0	0.0	0	0.0	0.0	0	0.0	0.0	N/A
ABQ	5	1	0.0	0.0	0	0.0	0.0	1	100.0	87.0	N/A
ABQ	6	2	0.0	0.0	0	0.0	0.0	0	0.0	0.0	N/A
ABQ	7	5	7.0	0.0	0	0.0	0.0	0	0.0	0.0	N/A
ABQ	9	2	10.0	14.0	0	0.0	0.0	0	0.0	0.0	N/A
ABQ	10	3	0.0	0.0	1	17.0	17.0	0	0.0	0.0	N/A
ABQ	11	4	12.0	13.0	0	0.0	0.0	0	0.0	0.0	N/A
ABQ	12	1	0.0	11.0	0	0.0	0.0	0	0.0	0.0	N/A
ABR	4	1	0.0	0.0	0	0.0	0.0	0	0.0	0.0	N/A
ACK	6	1	0.0	0.0	0	0.0	0.0	0	0.0	0.0	N/A
ACK	8	2	0.0	0.0	0	0.0	0.0	0	0.0	0.0	N/A
ACT	7	1	0.0	1.0	0	0.0	0.0	0	0.0	0.0	N/A
ACV	3	0	0.0	0.0	0	0.0	0.0	1	63.0	70.0	N/A
ACV	10	1	0.0	0.0	0	0.0	0.0	0	0.0	0.0	N/A
ACY	3	1	0.0	0.0	1	60.0	57.0	0	0.0	0.0	N/A
ACY	4	1	0.0	0.0	0	0.0	0.0	0	0.0	0.0	N/A
ACY	7	1	4.0	0.0	0	0.0	0.0	0	0.0	0.0	N/A
ACY	8	2	0.0	0.0	0	0.0	0.0	0	0.0	0.0	N/A
ADQ	1	0	0.0	0.0	0	0.0	0.0	1	116.0	105.0	N/A
AEX	10	1	0.0	0.0	0	0.0	0.0	0	0.0	0.0	N/A
AGS	3	1	0.0	0.0	0	0.0	0.0	0	0.0	0.0	N/A
ALB	1	3	5.0	0.0	1	39.0	15.0	1	181.0	188.0	N/A
ALB	3	1	0.0	0.0	0	0.0	0.0	0	0.0	0.0	N/A
ALB	4	2	0.0	0.0	0	0.0	0.0	0	0.0	0.0	N/A
ALB	6	3	6.0	40.0	0	0.0	0.0	0	0.0	0.0	N/A
ALB	8	0	0.0	0.0	0	0.0	0.0	1	155.0	191.0	N/A
ALB	9	3	0.0	24.0	0	0.0	0.0	0	0.0	0.0	N/A
ALB	10	2	2.0	4.0	0	0.0	0.0	0	0.0	0.0	N/A
ALW	7	1	0.0	0.0	0	0.0	0.0	0	0.0	0.0	N/A
AMA	1	1	0.0	0.0	0	0.0	0.0	0	0.0	0.0	N/A
AMA	2	1	0.0	0.0	0	0.0	0.0	0	0.0	0.0	N/A
AMA	5	1	11.0	0.0	0	0.0	0.0	0	0.0	0.0	N/A
AMA	8	1	0.0	0.0	0	0.0	0.0	0	0.0	0.0	N/A
AMA	9	1	0.0	0.0	0	0.0	0.0	0	0.0	0.0	N/A
AMA	10	2	0.0	9.0	0	0.0	0.0	0	0.0	0.0	N/A
ANC	2	0	0.0	0.0	1	15.0	14.0	0	0.0	0.0	N/A
ANC	3	1	0.0	0.0	0	0.0	0.0	0	0.0	0.0	N/A
ANC	4	1	0.0	0.0	0	0.0	0.0	0	0.0	0.0	N/A
ANC	5	5	3.0	0.0	0	0.0	0.0	0	0.0	0.0	N/A
ANC	6	1	0.0	0.0	0	0.0	0.0	0	0.0	0.0	N/A
ANC	7	1	0.0	0.0	0	0.0	0.0	0	0.0	0.0	N/A
ANC	8	4	3.0	0.0	0	0.0	0.0	0	0.0	0.0	N/A
ANC	9	5	0.0	0.0	0	0.0	0.0	0	0.0	0.0	N/A
ANC	12	1	0.0	0.0	0	0.0	0.0	0	0.0	0.0	N/A
ASE	3	0	0.0	0.0	1	41.0	15.0	0	0.0	0.0	N/A
ASE	6	1	0.0	0.0	0	0.0	0.0	0	0.0	0.0	N/A
ASE	7	1	0.0	0.0	0	0.0	0.0	0	0.0	0.0	N/A
ASE	8	2	0.0	0.0	1	55.0	27.0	0	0.0	0.0	N/A
ASE	9	1	0.0	5.0	0	0.0	0.0	0	0.0	0.0	N/A
ATL	1	34	6.75	16.714285714285715	2	30.0	10.5	3	105.33333333333333	104.33333333333333	N/A
ATL	2	32	8.833333333333334	7.2	6	37.166666666666664	32.0	0	0.0	0.0	N/A
ATL	3	31	5.111111111111111	12.285714285714286	3	44.333333333333336	38.333333333333336	2	89.0	87.0	N/A
ATL	4	34	4.0	8.714285714285714	4	38.75	42.25	2	80.5	64.5	N/A
ATL	5	33	8.0	9.0	5	42.4	34.2	4	101.5	118.25	N/A
ATL	6	24	5.571428571428571	35.8	8	26.0	18.0	3	119.0	116.0	N/A
ATL	7	17	3.5	30.666666666666668	9	26.666666666666668	21.625	6	143.16666666666666	140.83333333333334	N/A
ATL	8	35	7.4	11.6	5	29.6	38.25	4	104.5	97.0	N/A
ATL	9	39	6.6	7.2	4	29.0	19.75	6	137.16666666666666	141.83333333333334	N/A
ATL	10	54	4.0	7.166666666666667	3	27.0	36.666666666666664	1	100.0	92.0	N/A
ATL	11	28	4.666666666666667	9.666666666666666	3	48.666666666666664	40.0	0	0.0	0.0	N/A
ATL	12	35	6.666666666666667	8.1	2	39.5	41.0	6	102.16666666666667	113.5	N/A
ATW	1	2	0.0	0.0	0	0.0	0.0	0	0.0	0.0	N/A
ATW	2	1	3.0	0.0	0	0.0	0.0	0	0.0	0.0	N/A
ATW	3	1	0.0	0.0	0	0.0	0.0	0	0.0	0.0	N/A
ATW	4	1	0.0	0.0	0	0.0	0.0	0	0.0	0.0	N/A
ATW	5	2	0.0	0.0	0	0.0	0.0	0	0.0	0.0	N/A
ATW	9	1	0.0	0.0	0	0.0	0.0	0	0.0	0.0	N/A
ATW	11	2	0.0	26.0	0	0.0	0.0	0	0.0	0.0	N/A
ATW	12	0	0.0	0.0	1	40.0	34.0	0	0.0	0.0	N/A
AUS	1	8	4.0	0.0	2	22.5	10.0	1	97.0	79.0	N/A
AUS	2	9	3.5	30.0	1	34.0	27.0	1	156.0	137.0	N/A
AUS	3	6	0.0	0.0	2	20.0	9.0	1	166.0	157.0	N/A
AUS	4	9	7.333333333333333	9.5	1	35.0	12.0	4	90.5	82.5	N/A
AUS	5	13	4.833333333333333	8.333333333333334	2	35.0	42.5	2	155.0	147.5	N/A
AUS	6	9	3.6666666666666665	10.0	4	30.75	22.25	2	83.5	75.0	N/A
AUS	7	5	1.5	0.0	4	35.0	22.75	0	0.0	0.0	N/A
AUS	8	7	0.0	5.0	0	0.0	0.0	0	0.0	0.0	N/A
AUS	9	4	7.0	0.0	2	42.0	34.5	1	83.0	81.0	N/A
AUS	10	14	3.2	11.0	1	17.0	10.0	1	102.0	103.0	N/A
AUS	11	7	4.0	11.0	0	0.0	0.0	0	0.0	0.0	N/A
AUS	12	5	4.0	0.0	1	16.0	1.0	0	0.0	0.0	N/A
AVL	1	1	2.0	71.0	0	0.0	0.0	0	0.0	0.0	N/A
AVL	3	2	6.0	6.0	0	0.0	0.0	0	0.0	0.0	N/A
AVL	4	1	0.0	0.0	0	0.0	0.0	0	0.0	0.0	N/A
AVL	5	2	0.0	0.0	0	0.0	0.0	1	83.0	84.0	N/A
AVL	6	1	13.0	0.0	0	0.0	0.0	0	0.0	0.0	N/A
AVL	7	2	7.0	17.0	0	0.0	0.0	1	66.0	66.0	N/A
AVL	8	2	5.0	13.0	0	0.0	0.0	0	0.0	0.0	N/A
AVL	10	3	0.0	0.0	0	0.0	0.0	0	0.0	0.0	N/A
AVL	11	2	0.0	16.0	0	0.0	0.0	0	0.0	0.0	N/A
AVL	12	4	9.0	13.0	0	0.0	0.0	1	199.0	185.0	N/A
AVP	7	1	0.0	0.0	0	0.0	0.0	0	0.0	0.0	N/A
AZA	1	1	0.0	0.0	0	0.0	0.0	0	0.0	0.0	N/A
AZA	2	1	0.0	0.0	0	0.0	0.0	0	0.0	0.0	N/A
AZA	4	1	0.0	0.0	0	0.0	0.0	0	0.0	0.0	N/A
AZA	5	2	0.0	0.0	0	0.0	0.0	0	0.0	0.0	N/A
AZA	7	1	0.0	0.0	0	0.0	0.0	0	0.0	0.0	N/A
AZA	9	1	0.0	0.0	0	0.0	0.0	0	0.0	0.0	N/A
AZA	12	1	0.0	0.0	1	52.0	30.0	0	0.0	0.0	N/A
AZO	2	1	0.0	0.0	0	0.0	0.0	0	0.0	0.0	N/A
AZO	3	1	0.0	0.0	0	0.0	0.0	0	0.0	0.0	N/A
AZO	11	1	0.0	0.0	0	0.0	0.0	0	0.0	0.0	N/A
BDL	1	1	0.0	0.0	0	0.0	0.0	0	0.0	0.0	N/A
BDL	2	1	1.0	0.0	0	0.0	0.0	0	0.0	0.0	N/A
BDL	4	2	10.0	7.0	0	0.0	0.0	1	114.0	111.0	N/A
BDL	5	3	1.0	0.0	0	0.0	0.0	0	0.0	0.0	N/A
BDL	6	1	0.0	0.0	0	0.0	0.0	0	0.0	0.0	N/A
BDL	7	1	0.0	0.0	1	36.0	34.0	0	0.0	0.0	N/A
BDL	8	0	0.0	0.0	0	0.0	0.0	1	101.0	106.0	N/A
BDL	9	2	0.0	0.0	1	31.0	28.0	0	0.0	0.0	N/A
BDL	10	2	2.0	0.0	0	0.0	0.0	0	0.0	0.0	N/A
BDL	11	1	0.0	0.0	1	41.0	29.0	0	0.0	0.0	N/A
BDL	12	5	6.0	30.0	0	0.0	0.0	0	0.0	0.0	N/A
BFL	1	0	0.0	0.0	1	48.0	45.0	0	0.0	0.0	N/A
BFL	9	1	0.0	0.0	0	0.0	0.0	0	0.0	0.0	N/A
BFL	10	1	2.0	0.0	0	0.0	0.0	0	0.0	0.0	N/A
BFL	11	2	0.0	24.0	0	0.0	0.0	0	0.0	0.0	N/A
BFL	12	2	0.0	0.0	0	0.0	0.0	1	286.0	262.0	N/A
BGM	4	1	0.0	0.0	0	0.0	0.0	0	0.0	0.0	N/A
BGR	1	1	0.0	0.0	0	0.0	0.0	0	0.0	0.0	N/A
BGR	11	1	0.0	0.0	0	0.0	0.0	0	0.0	0.0	N/A
BHM	2	2	0.0	0.0	0	0.0	0.0	0	0.0	0.0	N/A
BHM	3	0	0.0	0.0	1	31.0	19.0	0	0.0	0.0	N/A
BHM	4	5	6.666666666666667	14.0	0	0.0	0.0	1	91.0	91.0	N/A
BHM	5	1	0.0	0.0	0	0.0	0.0	0	0.0	0.0	N/A
BHM	6	1	0.0	0.0	2	35.0	31.5	0	0.0	0.0	N/A
BHM	7	2	8.0	4.0	1	40.0	58.0	0	0.0	0.0	N/A
BHM	8	6	9.0	38.0	0	0.0	0.0	1	419.0	409.0	N/A
BHM	9	2	0.0	0.0	0	0.0	0.0	0	0.0	0.0	N/A
BHM	10	2	0.0	0.0	0	0.0	0.0	0	0.0	0.0	N/A
BHM	11	3	0.0	0.0	0	0.0	0.0	0	0.0	0.0	N/A
BHM	12	1	0.0	19.0	0	0.0	0.0	1	68.0	79.0	N/A
BIL	1	1	0.0	0.0	0	0.0	0.0	0	0.0	0.0	N/A
BIL	5	1	0.0	0.0	0	0.0	0.0	0	0.0	0.0	N/A
BIL	7	1	0.0	0.0	0	0.0	0.0	0	0.0	0.0	N/A
BIL	10	1	0.0	0.0	0	0.0	0.0	0	0.0	0.0	N/A
BIS	1	1	0.0	0.0	0	0.0	0.0	0	0.0	0.0	N/A
BIS	5	1	7.0	0.0	0	0.0	0.0	0	0.0	0.0	N/A
BIS	8	1	0.0	0.0	0	0.0	0.0	0	0.0	0.0	N/A
BIS	9	2	7.0	0.0	0	0.0	0.0	0	0.0	0.0	N/A
BIS	10	1	14.0	8.0	0	0.0	0.0	0	0.0	0.0	N/A
BIS	11	1	0.0	0.0	1	17.0	19.0	0	0.0	0.0	N/A
BJI	6	1	0.0	51.0	0	0.0	0.0	0	0.0	0.0	N/A
BJI	8	1	0.0	0.0	0	0.0	0.0	0	0.0	0.0	N/A
BJI	9	1	0.0	0.0	0	0.0	0.0	0	0.0	0.0	N/A
BJI	12	1	6.0	22.0	0	0.0	0.0	0	0.0	0.0	N/A
BLI	1	1	2.0	2.0	0	0.0	0.0	0	0.0	0.0	N/A
BLI	5	1	0.0	0.0	0	0.0	0.0	0	0.0	0.0	N/A
BLI	7	1	0.0	0.0	0	0.0	0.0	0	0.0	0.0	N/A
BLV	2	1	0.0	0.0	0	0.0	0.0	0	0.0	0.0	N/A
BLV	7	1	0.0	0.0	0	0.0	0.0	0	0.0	0.0	N/A
BLV	8	1	0.0	0.0	0	0.0	0.0	0	0.0	0.0	N/A
BMI	1	1	5.0	0.0	0	0.0	0.0	0	0.0	0.0	N/A
BMI	6	1	0.0	0.0	0	0.0	0.0	0	0.0	0.0	N/A
BMI	10	1	0.0	0.0	0	0.0	0.0	0	0.0	0.0	N/A
BNA	1	6	10.0	0.0	3	35.333333333333336	20.0	3	116.66666666666667	145.33333333333334	N/A
BNA	2	13	6.666666666666667	13.5	1	43.0	41.0	1	126.0	120.0	N/A
BNA	3	7	11.0	30.0	1	28.0	17.0	1	75.0	69.0	N/A
BNA	4	12	5.6	12.25	0	0.0	0.0	3	93.0	86.66666666666667	N/A
BNA	5	9	2.5	30.0	3	39.333333333333336	37.333333333333336	1	478.0	477.0	N/A
BNA	6	10	8.5	12.0	2	23.5	18.0	1	87.0	77.0	N/A
BNA	7	8	6.666666666666667	6.0	5	28.8	20.4	2	101.5	99.0	N/A
BNA	8	18	8.5	8.6	0	0.0	0.0	1	143.0	155.0	N/A
BNA	9	5	12.0	16.0	2	18.5	17.5	0	0.0	0.0	N/A
BNA	10	9	10.0	18.0	2	23.0	14.0	1	73.0	68.0	N/A
BNA	11	8	5.0	1.5	1	23.0	16.0	0	0.0	0.0	N/A
BNA	12	14	6.0	6.666666666666667	2	37.0	98.0	1	90.0	112.0	N/A
BOI	2	3	3.0	6.0	0	0.0	0.0	0	0.0	0.0	N/A
BOI	3	1	6.0	0.0	0	0.0	0.0	0	0.0	0.0	N/A
BOI	4	3	0.0	0.0	1	35.0	45.0	0	0.0	0.0	N/A
BOI	5	1	3.0	0.0	0	0.0	0.0	0	0.0	0.0	N/A
BOI	6	1	0.0	0.0	0	0.0	0.0	0	0.0	0.0	N/A
BOI	7	2	0.0	6.0	2	30.0	33.0	0	0.0	0.0	N/A
BOI	8	1	0.0	0.0	0	0.0	0.0	0	0.0	0.0	N/A
BOI	10	2	11.0	0.0	0	0.0	0.0	0	0.0	0.0	N/A
BOI	11	1	0.0	0.0	0	0.0	0.0	0	0.0	0.0	N/A
BOI	12	4	12.0	0.0	0	0.0	0.0	0	0.0	0.0	N/A
BOS	1	8	0.0	22.0	1	25.0	0.0	2	110.5	107.5	N/A
BOS	2	17	4.666666666666667	1.0	1	27.0	26.0	1	102.0	208.0	N/A
BOS	3	19	6.0	28.0	1	37.0	30.0	1	75.0	63.0	N/A
BOS	4	11	6.0	7.0	1	50.0	60.0	1	70.0	42.0	N/A
BOS	5	12	4.5	8.0	1	48.0	28.0	0	0.0	0.0	N/A
BOS	6	11	3.0	3.0	3	36.0	27.333333333333332	0	0.0	0.0	N/A
BOS	7	13	4.0	20.333333333333332	2	36.5	36.5	3	344.3333333333333	333.6666666666667	N/A
BOS	8	8	6.666666666666667	17.0	2	41.0	35.5	3	143.33333333333334	136.66666666666666	N/A
BOS	9	14	4.333333333333333	2.0	0	0.0	0.0	0	0.0	0.0	N/A
BOS	10	22	5.0	10.666666666666666	1	17.0	3.0	0	0.0	0.0	N/A
BOS	11	19	3.0	9.333333333333334	1	18.0	9.0	1	98.0	110.0	N/A
BOS	12	8	13.0	19.0	1	45.0	39.0	2	143.0	138.5	N/A
BQN	2	1	0.0	0.0	0	0.0	0.0	0	0.0	0.0	N/A
BQN	4	1	0.0	0.0	0	0.0	0.0	0	0.0	0.0	N/A
BQN	11	1	6.0	0.0	0	0.0	0.0	0	0.0	0.0	N/A
BQN	12	2	0.0	0.0	0	0.0	0.0	0	0.0	0.0	N/A
BRO	6	1	0.0	0.0	0	0.0	0.0	0	0.0	0.0	N/A
BRO	9	1	0.0	0.0	0	0.0	0.0	0	0.0	0.0	N/A
BTR	4	2	10.0	0.0	0	0.0	0.0	0	0.0	0.0	N/A
BTR	7	1	0.0	7.0	0	0.0	0.0	0	0.0	0.0	N/A
BTR	8	1	10.0	9.0	0	0.0	0.0	0	0.0	0.0	N/A
BTR	9	0	0.0	0.0	0	0.0	0.0	1	163.0	150.0	N/A
BTR	10	2	0.0	21.0	0	0.0	0.0	0	0.0	0.0	N/A
BTV	5	1	0.0	0.0	0	0.0	0.0	0	0.0	0.0	N/A
BTV	6	2	6.5	5.0	0	0.0	0.0	0	0.0	0.0	N/A
BTV	7	1	0.0	0.0	0	0.0	0.0	0	0.0	0.0	N/A
BTV	8	2	3.0	9.0	0	0.0	0.0	0	0.0	0.0	N/A
BTV	11	0	0.0	0.0	1	55.0	88.0	0	0.0	0.0	N/A
BUF	1	1	0.0	0.0	0	0.0	0.0	0	0.0	0.0	N/A
BUF	2	3	7.0	0.0	1	16.0	0.0	1	66.0	42.0	N/A
BUF	3	1	0.0	0.0	1	38.0	27.0	0	0.0	0.0	N/A
BUF	4	3	4.0	0.0	0	0.0	0.0	1	116.0	102.0	N/A
BUF	5	2	0.0	0.0	1	15.0	0.0	0	0.0	0.0	N/A
BUF	6	4	0.0	6.0	0	0.0	0.0	2	77.5	70.0	N/A
BUF	7	5	6.0	0.0	1	37.0	47.0	0	0.0	0.0	N/A
BUF	8	3	7.0	31.0	0	0.0	0.0	0	0.0	0.0	N/A
BUF	9	2	0.0	0.0	1	33.0	30.0	0	0.0	0.0	N/A
BUF	10	6	8.5	5.0	0	0.0	0.0	0	0.0	0.0	N/A
BUF	12	1	13.0	0.0	1	30.0	11.0	0	0.0	0.0	N/A
BUR	1	4	6.0	14.0	0	0.0	0.0	0	0.0	0.0	N/A
BUR	2	1	0.0	0.0	0	0.0	0.0	0	0.0	0.0	N/A
BUR	3	2	10.0	14.5	0	0.0	0.0	0	0.0	0.0	N/A
BUR	4	2	11.0	0.0	0	0.0	0.0	0	0.0	0.0	N/A
BUR	5	1	0.0	0.0	0	0.0	0.0	0	0.0	0.0	N/A
BUR	6	4	14.0	2.0	0	0.0	0.0	0	0.0	0.0	N/A
BUR	7	2	0.0	0.0	5	28.6	33.25	1	70.0	59.0	N/A
BUR	8	5	0.0	3.0	1	17.0	8.0	0	0.0	0.0	N/A
BUR	9	5	0.0	14.0	2	22.5	25.5	0	0.0	0.0	N/A
BUR	10	7	3.0	4.0	0	0.0	0.0	0	0.0	0.0	N/A
BUR	11	3	0.0	25.0	0	0.0	0.0	1	142.0	137.0	N/A
BUR	12	6	0.0	1.0	2	30.5	31.0	0	0.0	0.0	N/A
BWI	1	6	10.5	22.0	5	37.0	35.25	0	0.0	0.0	N/A
BWI	2	6	0.0	0.0	4	23.5	18.0	0	0.0	0.0	N/A
BWI	3	11	9.2	21.0	0	0.0	0.0	2	96.5	96.0	N/A
BWI	4	11	7.0	4.0	2	22.0	10.0	0	0.0	0.0	N/A
BWI	5	7	6.0	10.0	4	38.75	34.75	1	141.0	119.0	N/A
BWI	6	6	6.0	0.0	2	23.5	19.0	1	68.0	57.0	N/A
BWI	7	7	5.0	0.0	3	43.333333333333336	40.0	2	123.0	128.5	N/A
BWI	8	7	3.5	12.5	6	33.0	32.666666666666664	1	69.0	69.0	N/A
BWI	9	7	2.0	1.0	1	29.0	21.0	0	0.0	0.0	N/A
BWI	10	10	13.0	21.0	2	33.5	28.5	0	0.0	0.0	N/A
BWI	11	8	9.0	0.0	1	24.0	0.0	1	179.0	157.0	N/A
BWI	12	8	6.333333333333333	11.333333333333334	2	31.5	22.0	1	77.0	74.0	N/A
BZN	1	2	6.0	0.0	0	0.0	0.0	0	0.0	0.0	N/A
BZN	2	1	0.0	2.0	0	0.0	0.0	0	0.0	0.0	N/A
BZN	3	0	0.0	0.0	1	23.0	18.0	0	0.0	0.0	N/A
BZN	6	3	0.0	0.0	0	0.0	0.0	0	0.0	0.0	N/A
BZN	7	1	0.0	0.0	2	29.5	14.5	0	0.0	0.0	N/A
BZN	9	1	3.0	0.0	0	0.0	0.0	0	0.0	0.0	N/A
BZN	10	1	0.0	9.0	0	0.0	0.0	0	0.0	0.0	N/A
BZN	11	1	0.0	0.0	0	0.0	0.0	0	0.0	0.0	N/A
BZN	12	1	0.0	0.0	0	0.0	0.0	0	0.0	0.0	N/A
CAE	2	1	0.0	0.0	0	0.0	0.0	0	0.0	0.0	N/A
CAE	3	2	0.0	4.0	0	0.0	0.0	0	0.0	0.0	N/A
CAE	4	1	0.0	0.0	0	0.0	0.0	0	0.0	0.0	N/A
CAE	6	1	0.0	0.0	0	0.0	0.0	1	107.0	105.0	N/A
CAE	7	2	0.0	6.0	1	22.0	21.0	0	0.0	0.0	N/A
CAE	8	1	0.0	0.0	0	0.0	0.0	0	0.0	0.0	N/A
CAE	10	1	0.0	0.0	0	0.0	0.0	0	0.0	0.0	N/A
CAE	11	1	7.0	0.0	0	0.0	0.0	0	0.0	0.0	N/A
CAK	3	1	0.0	0.0	0	0.0	0.0	0	0.0	0.0	N/A
CAK	9	1	0.0	0.0	0	0.0	0.0	0	0.0	0.0	N/A
CAK	12	2	0.0	0.0	0	0.0	0.0	0	0.0	0.0	N/A
CDV	9	1	0.0	8.0	0	0.0	0.0	0	0.0	0.0	N/A
CHA	1	1	0.0	0.0	0	0.0	0.0	0	0.0	0.0	N/A
CHA	3	1	0.0	0.0	0	0.0	0.0	1	121.0	107.0	N/A
CHA	4	2	3.0	8.0	0	0.0	0.0	0	0.0	0.0	N/A
CHA	6	2	0.0	23.0	2	30.0	24.0	0	0.0	0.0	N/A
CHA	7	1	0.0	0.0	0	0.0	0.0	0	0.0	0.0	N/A
CHA	10	2	0.0	0.0	0	0.0	0.0	0	0.0	0.0	N/A
CHA	12	1	0.0	0.0	1	15.0	0.0	1	203.0	222.0	N/A
CHO	4	1	0.0	0.0	1	25.0	15.0	0	0.0	0.0	N/A
CHO	5	1	0.0	0.0	0	0.0	0.0	0	0.0	0.0	N/A
CHO	9	0	0.0	0.0	0	0.0	0.0	1	227.0	236.0	N/A
CHO	10	0	0.0	0.0	0	0.0	0.0	1	69.0	71.0	N/A
CHS	1	2	1.0	0.0	0	0.0	0.0	1	107.0	115.0	N/A
CHS	2	1	0.0	0.0	0	0.0	0.0	0	0.0	0.0	N/A
CHS	3	2	0.0	9.0	0	0.0	0.0	0	0.0	0.0	N/A
CHS	4	2	1.0	18.0	0	0.0	0.0	1	78.0	60.0	N/A
CHS	5	4	0.0	23.0	1	28.0	0.0	0	0.0	0.0	N/A
CHS	6	3	5.0	0.0	1	55.0	59.0	0	0.0	0.0	N/A
CHS	7	0	0.0	0.0	1	23.0	63.0	1	94.0	89.0	N/A
CHS	8	3	0.0	0.0	2	24.5	23.5	0	0.0	0.0	N/A
CHS	9	3	6.0	12.333333333333334	1	16.0	2.0	0	0.0	0.0	N/A
CHS	10	1	0.0	10.0	0	0.0	0.0	0	0.0	0.0	N/A
CHS	11	1	0.0	0.0	1	15.0	0.0	0	0.0	0.0	N/A
CHS	12	2	0.0	0.0	0	0.0	0.0	0	0.0	0.0	N/A
CID	2	1	0.0	0.0	0	0.0	0.0	0	0.0	0.0	N/A
CID	3	2	0.0	0.0	0	0.0	0.0	0	0.0	0.0	N/A
CID	4	3	0.0	0.0	0	0.0	0.0	0	0.0	0.0	N/A
CID	6	1	0.0	7.0	0	0.0	0.0	0	0.0	0.0	N/A
CID	8	0	0.0	0.0	1	29.0	19.0	1	79.0	57.0	N/A
CID	11	0	0.0	0.0	1	49.0	58.0	0	0.0	0.0	N/A
CIU	8	1	0.0	2.0	0	0.0	0.0	0	0.0	0.0	N/A
CIU	10	1	0.0	0.0	0	0.0	0.0	0	0.0	0.0	N/A
CLE	1	2	0.0	41.0	0	0.0	0.0	0	0.0	0.0	N/A
CLE	2	2	0.0	0.0	0	0.0	0.0	0	0.0	0.0	N/A
CLE	3	3	13.0	12.0	0	0.0	0.0	0	0.0	0.0	N/A
CLE	4	2	0.0	0.0	0	0.0	0.0	1	74.0	48.0	N/A
CLE	5	3	0.0	9.0	0	0.0	0.0	0	0.0	0.0	N/A
CLE	6	7	0.0	0.0	0	0.0	0.0	0	0.0	0.0	N/A
CLE	7	3	11.0	6.0	1	19.0	29.0	0	0.0	0.0	N/A
CLE	8	5	0.0	0.0	2	23.5	15.0	1	134.0	131.0	N/A
CLE	9	5	0.0	13.0	0	0.0	0.0	1	323.0	300.0	N/A
CLE	10	4	1.5	38.0	0	0.0	0.0	0	0.0	0.0	N/A
CLE	11	2	0.0	0.0	1	36.0	48.0	0	0.0	0.0	N/A
CLE	12	3	4.0	4.5	0	0.0	0.0	0	0.0	0.0	N/A
CLL	8	1	0.0	2.0	0	0.0	0.0	0	0.0	0.0	N/A
CLT	1	14	4.333333333333333	14.0	2	16.0	7.0	1	73.0	95.0	N/A
CLT	2	22	4.444444444444445	14.0	5	33.2	26.6	1	98.0	100.0	N/A
CLT	3	17	6.25	13.5	3	26.0	32.333333333333336	3	150.33333333333334	152.33333333333334	N/A
CLT	4	22	9.0	19.75	5	33.6	36.4	2	108.5	106.5	N/A
CLT	5	15	4.0	7.0	6	34.666666666666664	25.5	3	123.33333333333333	150.33333333333334	N/A
CLT	6	20	4.25	6.833333333333333	2	34.5	27.0	3	263.6666666666667	248.33333333333334	N/A
CLT	7	11	7.166666666666667	12.25	9	32.44444444444444	34.44444444444444	8	165.375	160.125	N/A
CLT	8	22	6.857142857142857	11.666666666666666	4	27.5	17.25	4	85.25	94.0	N/A
CLT	9	20	4.625	6.5	4	28.25	24.666666666666668	4	190.5	184.25	N/A
CLT	10	21	8.0	21.333333333333332	3	18.333333333333332	11.0	2	289.5	264.5	N/A
CLT	11	25	4.2	15.8	2	41.0	43.0	2	83.0	69.5	N/A
CLT	12	20	4.25	12.0	6	33.5	27.4	1	88.0	79.0	N/A
CMH	1	3	12.0	9.0	0	0.0	0.0	0	0.0	0.0	N/A
CMH	2	1	0.0	0.0	0	0.0	0.0	0	0.0	0.0	N/A
CMH	3	4	1.0	0.0	1	32.0	20.0	0	0.0	0.0	N/A
CMH	4	3	6.0	0.0	1	45.0	33.0	0	0.0	0.0	N/A
CMH	5	3	6.0	15.0	0	0.0	0.0	1	182.0	168.0	N/A
CMH	6	6	10.0	87.0	0	0.0	0.0	0	0.0	0.0	N/A
CMH	7	4	1.0	11.0	0	0.0	0.0	0	0.0	0.0	N/A
CMH	8	2	0.0	0.0	0	0.0	0.0	0	0.0	0.0	N/A
CMH	9	4	0.0	2.0	0	0.0	0.0	0	0.0	0.0	N/A
CMH	10	2	0.0	0.0	1	29.0	14.0	0	0.0	0.0	N/A
CMH	11	3	0.0	16.0	0	0.0	0.0	0	0.0	0.0	N/A
CMH	12	7	2.0	8.0	0	0.0	0.0	0	0.0	0.0	N/A
CMI	11	1	0.0	0.0	0	0.0	0.0	0	0.0	0.0	N/A
COS	1	0	0.0	0.0	1	17.0	18.0	0	0.0	0.0	N/A
COS	2	1	0.0	0.0	0	0.0	0.0	0	0.0	0.0	N/A
COS	3	1	0.0	0.0	1	20.0	44.0	0	0.0	0.0	N/A
COS	6	2	0.0	5.0	1	32.0	41.0	0	0.0	0.0	N/A
COS	7	1	0.0	0.0	0	0.0	0.0	0	0.0	0.0	N/A
COS	8	2	1.0	0.0	0	0.0	0.0	0	0.0	0.0	N/A
COS	9	2	0.0	8.0	0	0.0	0.0	0	0.0	0.0	N/A
COS	10	1	2.0	0.0	0	0.0	0.0	0	0.0	0.0	N/A
COS	11	2	1.0	0.0	0	0.0	0.0	0	0.0	0.0	N/A
COU	3	1	0.0	4.0	0	0.0	0.0	0	0.0	0.0	N/A
COU	9	1	0.0	0.0	0	0.0	0.0	0	0.0	0.0	N/A
COU	12	2	0.0	0.0	0	0.0	0.0	0	0.0	0.0	N/A
CPR	9	0	0.0	0.0	0	0.0	0.0	1	74.0	45.0	N/A
CPR	11	1	0.0	0.0	0	0.0	0.0	0	0.0	0.0	N/A
CRP	1	2	0.0	3.0	0	0.0	0.0	0	0.0	0.0	N/A
CRP	11	1	0.0	0.0	1	53.0	45.0	0	0.0	0.0	N/A
CRW	4	1	0.0	0.0	0	0.0	0.0	0	0.0	0.0	N/A
CRW	5	0	0.0	0.0	0	0.0	0.0	1	235.0	231.0	N/A
CRW	6	1	0.0	0.0	0	0.0	0.0	0	0.0	0.0	N/A
CRW	7	0	0.0	0.0	0	0.0	0.0	2	236.0	211.5	N/A
CRW	8	1	0.0	0.0	0	0.0	0.0	0	0.0	0.0	N/A
CRW	9	1	0.0	0.0	0	0.0	0.0	0	0.0	0.0	N/A
CRW	10	1	0.0	0.0	0	0.0	0.0	0	0.0	0.0	N/A
CRW	12	0	0.0	0.0	0	0.0	0.0	1	74.0	48.0	N/A
CSG	4	1	0.0	0.0	0	0.0	0.0	0	0.0	0.0	N/A
CVG	1	1	0.0	0.0	0	0.0	0.0	0	0.0	0.0	N/A
CVG	2	5	0.0	11.0	1	21.0	0.0	0	0.0	0.0	N/A
CVG	3	11	0.0	2.0	0	0.0	0.0	0	0.0	0.0	N/A
CVG	4	8	0.0	10.0	0	0.0	0.0	0	0.0	0.0	N/A
CVG	5	4	11.5	0.0	1	28.0	8.0	0	0.0	0.0	N/A
CVG	6	3	0.0	0.0	0	0.0	0.0	0	0.0	0.0	N/A
CVG	7	3	0.0	5.0	0	0.0	0.0	2	324.0	318.0	N/A
CVG	8	7	2.0	0.0	0	0.0	0.0	0	0.0	0.0	N/A
CVG	9	5	0.0	4.0	0	0.0	0.0	0	0.0	0.0	N/A
CVG	10	6	1.0	34.0	0	0.0	0.0	0	0.0	0.0	N/A
CVG	11	4	0.0	0.0	2	40.0	40.5	0	0.0	0.0	N/A
CVG	12	2	9.0	0.0	2	41.5	50.5	0	0.0	0.0	N/A
CWA	3	1	0.0	0.0	0	0.0	0.0	0	0.0	0.0	N/A
CWA	6	1	0.0	7.0	0	0.0	0.0	0	0.0	0.0	N/A
CYS	8	1	0.0	0.0	0	0.0	0.0	0	0.0	0.0	N/A
CYS	9	1	0.0	0.0	0	0.0	0.0	0	0.0	0.0	N/A
CYS	11	1	11.0	7.0	0	0.0	0.0	0	0.0	0.0	N/A
DAB	1	1	0.0	0.0	0	0.0	0.0	0	0.0	0.0	N/A
DAB	8	1	0.0	0.0	0	0.0	0.0	0	0.0	0.0	N/A
DAL	1	4	11.0	3.0	2	21.0	12.0	1	79.0	67.0	N/A
DAL	2	6	9.333333333333334	12.0	1	50.0	34.0	0	0.0	0.0	N/A
DAL	3	5	6.0	12.0	3	30.0	23.0	0	0.0	0.0	N/A
DAL	4	6	6.0	6.0	2	42.5	31.5	2	108.5	107.5	N/A
DAL	5	6	8.25	7.0	1	21.0	18.0	0	0.0	0.0	N/A
DAL	6	10	8.0	11.333333333333334	3	23.666666666666668	15.333333333333334	0	0.0	0.0	N/A
DAL	7	7	7.333333333333333	0.0	3	32.0	29.333333333333332	1	104.0	97.0	N/A
DAL	8	11	5.0	0.0	0	0.0	0.0	0	0.0	0.0	N/A
DAL	9	4	2.0	0.0	1	21.0	9.0	0	0.0	0.0	N/A
DAL	10	8	1.0	0.0	3	27.333333333333332	26.333333333333332	0	0.0	0.0	N/A
DAL	11	9	3.5	0.0	1	22.0	32.0	1	71.0	65.0	N/A
DAL	12	1	3.0	0.0	0	0.0	0.0	1	67.0	39.0	N/A
DAY	1	1	0.0	0.0	0	0.0	0.0	0	0.0	0.0	N/A
DAY	2	1	0.0	0.0	0	0.0	0.0	0	0.0	0.0	N/A
DAY	3	2	0.0	0.0	0	0.0	0.0	0	0.0	0.0	N/A
DAY	6	1	0.0	0.0	0	0.0	0.0	0	0.0	0.0	N/A
DAY	7	2	0.0	25.0	0	0.0	0.0	0	0.0	0.0	N/A
DAY	9	1	0.0	0.0	0	0.0	0.0	0	0.0	0.0	N/A
DAY	10	1	0.0	0.0	0	0.0	0.0	0	0.0	0.0	N/A
DAY	12	0	0.0	0.0	0	0.0	0.0	1	61.0	39.0	N/A
DCA	1	14	7.333333333333333	16.75	3	35.0	74.0	2	140.0	168.5	N/A
DCA	2	15	4.666666666666667	45.0	2	23.0	10.5	1	112.0	95.0	N/A
DCA	3	15	2.6666666666666665	14.0	1	27.0	28.0	1	102.0	110.0	N/A
DCA	4	6	0.0	3.0	0	0.0	0.0	0	0.0	0.0	N/A
DCA	5	17	11.0	8.6	3	26.333333333333332	23.0	2	81.5	75.0	N/A
DCA	6	6	10.0	11.0	4	24.25	15.75	2	106.0	94.0	N/A
DCA	7	10	9.0	16.25	0	0.0	0.0	2	194.5	185.0	N/A
DCA	8	11	3.5	51.0	1	38.0	21.0	4	153.25	142.0	N/A
DCA	9	13	3.6666666666666665	13.666666666666666	0	0.0	0.0	0	0.0	0.0	N/A
DCA	10	14	2.0	3.0	0	0.0	0.0	0	0.0	0.0	N/A
DCA	11	7	4.0	6.0	1	59.0	56.0	1	89.0	64.0	N/A
DCA	12	11	3.0	7.0	1	26.0	15.0	3	165.66666666666666	144.66666666666666	N/A
DDC	9	1	0.0	0.0	0	0.0	0.0	0	0.0	0.0	N/A
DEN	1	20	8.142857142857142	10.2	5	37.0	32.2	1	75.0	57.0	N/A
DEN	2	23	6.6	15.4	3	21.333333333333332	14.666666666666666	5	188.8	193.8	N/A
DEN	3	32	8.0	11.3	5	34.2	37.4	1	63.0	52.0	N/A
DEN	4	24	8.571428571428571	22.666666666666668	8	35.875	30.875	2	284.0	287.0	N/A
DEN	5	22	7.5	8.5	6	36.166666666666664	32.0	3	79.66666666666667	73.33333333333333	N/A
DEN	6	24	7.1	14.5	11	38.54545454545455	36.09090909090909	4	87.0	75.5	N/A
DEN	7	20	8.88888888888889	8.714285714285714	9	33.22222222222222	31.77777777777778	7	145.85714285714286	130.0	N/A
DEN	8	21	7.111111111111111	19.5	3	20.333333333333332	27.0	7	110.57142857142857	94.85714285714286	N/A
DEN	9	33	4.375	13.833333333333334	1	20.0	16.0	1	74.0	63.0	N/A
DEN	10	33	6.5	3.75	5	30.2	18.8	1	216.0	208.0	N/A
DEN	11	28	3.125	8.333333333333334	5	31.0	30.0	2	65.5	89.5	N/A
DEN	12	27	7.428571428571429	5.5	5	24.2	15.6	1	75.0	52.0	N/A
DFW	1	21	9.75	9.714285714285714	8	26.375	20.375	3	82.66666666666667	91.66666666666667	N/A
DFW	2	25	4.5	3.4	2	34.0	24.0	2	125.0	106.0	N/A
DFW	3	29	7.25	10.0	3	18.666666666666668	29.666666666666668	6	143.83333333333334	137.16666666666666	N/A
DFW	4	23	7.2	9.0	8	31.75	28.625	2	192.0	198.0	N/A
DFW	5	22	5.384615384615385	23.571428571428573	7	30.571428571428573	29.166666666666668	6	151.66666666666666	156.16666666666666	N/A
DFW	6	27	5.714285714285714	31.444444444444443	7	32.142857142857146	30.0	3	100.33333333333333	94.0	N/A
DFW	7	32	6.25	7.714285714285714	6	28.166666666666668	10.833333333333334	5	253.2	249.6	N/A
DFW	8	23	6.333333333333333	12.666666666666666	8	31.375	17.0	4	171.25	168.0	N/A
DFW	9	32	6.8	4.666666666666667	7	28.142857142857142	41.285714285714285	1	68.0	63.0	N/A
DFW	10	37	6.75	4.666666666666667	6	31.5	17.166666666666668	1	82.0	65.0	N/A
DFW	11	21	7.8	10.833333333333334	6	34.0	39.5	5	173.8	173.2	N/A
DFW	12	20	5.8	8.5	6	43.5	36.0	4	102.75	91.0	N/A
DLG	8	1	0.0	0.0	0	0.0	0.0	0	0.0	0.0	N/A
DLH	8	0	0.0	0.0	0	0.0	0.0	1	83.0	75.0	N/A
DLH	9	1	0.0	0.0	0	0.0	0.0	0	0.0	0.0	N/A
DLH	11	1	0.0	0.0	0	0.0	0.0	0	0.0	0.0	N/A
DRO	4	1	0.0	10.0	0	0.0	0.0	0	0.0	0.0	N/A
DRO	7	4	8.0	8.0	0	0.0	0.0	0	0.0	0.0	N/A
DRO	9	1	0.0	0.0	0	0.0	0.0	0	0.0	0.0	N/A
DRO	10	1	0.0	0.0	0	0.0	0.0	0	0.0	0.0	N/A
DRO	12	0	0.0	0.0	0	0.0	0.0	1	109.0	116.0	N/A
DSM	1	1	0.0	0.0	0	0.0	0.0	1	373.0	375.0	N/A
DSM	2	1	0.0	1.0	0	0.0	0.0	0	0.0	0.0	N/A
DSM	3	2	0.0	10.0	1	19.0	8.0	0	0.0	0.0	N/A
DSM	5	1	0.0	0.0	0	0.0	0.0	1	547.0	544.0	N/A
DSM	6	2	0.0	0.0	1	15.0	0.0	0	0.0	0.0	N/A
DSM	7	2	2.0	0.0	0	0.0	0.0	0	0.0	0.0	N/A
DSM	8	1	0.0	0.0	0	0.0	0.0	0	0.0	0.0	N/A
DSM	9	2	0.0	0.0	1	47.0	36.0	0	0.0	0.0	N/A
DSM	10	2	0.0	0.0	0	0.0	0.0	0	0.0	0.0	N/A
DSM	11	1	0.0	0.0	0	0.0	0.0	0	0.0	0.0	N/A
DSM	12	1	0.0	0.0	0	0.0	0.0	0	0.0	0.0	N/A
DTW	1	8	0.0	5.5	1	30.0	21.0	0	0.0	0.0	N/A
DTW	2	13	3.0	5.0	0	0.0	0.0	0	0.0	0.0	N/A
DTW	3	9	9.0	12.5	0	0.0	0.0	0	0.0	0.0	N/A
DTW	4	14	7.0	0.0	2	36.5	34.0	0	0.0	0.0	N/A
DTW	5	15	5.5	5.0	4	31.75	35.75	3	117.33333333333333	104.66666666666667	N/A
DTW	6	15	4.8	15.0	2	42.0	30.0	0	0.0	0.0	N/A
DTW	7	12	0.0	5.333333333333333	4	28.25	11.25	1	358.0	365.0	N/A
DTW	8	11	2.0	47.0	3	24.0	28.666666666666668	3	135.66666666666666	135.0	N/A
DTW	9	7	2.0	0.0	1	32.0	31.0	1	174.0	184.0	N/A
DTW	10	18	2.0	6.5	1	20.0	12.0	2	110.5	106.0	N/A
DTW	11	17	0.0	6.0	1	28.0	26.0	2	73.0	88.5	N/A
DTW	12	14	8.0	16.0	2	29.5	8.0	4	108.25	104.75	N/A
ECP	1	1	0.0	0.0	0	0.0	0.0	0	0.0	0.0	N/A
ECP	3	1	0.0	0.0	0	0.0	0.0	0	0.0	0.0	N/A
ECP	4	1	0.0	0.0	0	0.0	0.0	0	0.0	0.0	N/A
ECP	5	3	6.0	9.0	0	0.0	0.0	0	0.0	0.0	N/A
ECP	6	2	4.0	1.0	0	0.0	0.0	0	0.0	0.0	N/A
ECP	7	1	0.0	0.0	0	0.0	0.0	0	0.0	0.0	N/A
ECP	8	1	0.0	0.0	0	0.0	0.0	0	0.0	0.0	N/A
ECP	10	2	0.0	0.0	0	0.0	0.0	0	0.0	0.0	N/A
ECP	11	1	6.0	11.0	0	0.0	0.0	0	0.0	0.0	N/A
ECP	12	2	4.0	34.0	0	0.0	0.0	0	0.0	0.0	N/A
EGE	1	2	0.0	0.0	0	0.0	0.0	0	0.0	0.0	N/A
EGE	3	3	0.0	36.0	0	0.0	0.0	0	0.0	0.0	N/A
EGE	6	0	0.0	0.0	1	46.0	37.0	0	0.0	0.0	N/A
EGE	7	0	0.0	0.0	1	46.0	46.0	0	0.0	0.0	N/A
EGE	8	1	5.0	0.0	0	0.0	0.0	0	0.0	0.0	N/A
EGE	11	1	0.0	0.0	0	0.0	0.0	0	0.0	0.0	N/A
ELM	10	2	0.0	0.0	0	0.0	0.0	0	0.0	0.0	N/A
ELP	1	3	0.0	0.0	0	0.0	0.0	1	153.0	147.0	N/A
ELP	2	2	0.0	0.0	0	0.0	0.0	0	0.0	0.0	N/A
ELP	3	3	3.0	17.0	0	0.0	0.0	0	0.0	0.0	N/A
ELP	4	3	0.0	0.0	1	24.0	8.0	0	0.0	0.0	N/A
ELP	5	2	0.0	0.0	1	54.0	49.0	0	0.0	0.0	N/A
ELP	6	0	0.0	0.0	1	28.0	21.0	0	0.0	0.0	N/A
ELP	7	0	0.0	0.0	1	19.0	31.0	0	0.0	0.0	N/A
ELP	8	3	6.0	1.0	0	0.0	0.0	0	0.0	0.0	N/A
ELP	9	2	0.0	0.0	0	0.0	0.0	0	0.0	0.0	N/A
ELP	10	5	0.0	3.0	0	0.0	0.0	0	0.0	0.0	N/A
ELP	11	5	0.0	1.0	0	0.0	0.0	0	0.0	0.0	N/A
ELP	12	4	1.0	0.0	0	0.0	0.0	0	0.0	0.0	N/A
EUG	2	1	0.0	0.0	0	0.0	0.0	0	0.0	0.0	N/A
EUG	5	1	0.0	0.0	0	0.0	0.0	0	0.0	0.0	N/A
EUG	6	1	2.0	0.0	0	0.0	0.0	0	0.0	0.0	N/A
EUG	7	2	8.0	0.0	0	0.0	0.0	0	0.0	0.0	N/A
EUG	9	1	2.0	9.0	0	0.0	0.0	0	0.0	0.0	N/A
EUG	10	1	7.0	0.0	0	0.0	0.0	0	0.0	0.0	N/A
EUG	12	1	12.0	82.0	0	0.0	0.0	0	0.0	0.0	N/A
EVV	1	1	0.0	35.0	0	0.0	0.0	0	0.0	0.0	N/A
EVV	6	2	0.0	0.0	0	0.0	0.0	0	0.0	0.0	N/A
EVV	8	1	0.0	0.0	0	0.0	0.0	0	0.0	0.0	N/A
EVV	11	1	0.0	0.0	0	0.0	0.0	0	0.0	0.0	N/A
EWR	1	11	6.666666666666667	4.0	0	0.0	0.0	1	125.0	156.0	N/A
EWR	2	20	10.4	16.666666666666668	2	33.0	9.5	0	0.0	0.0	N/A
EWR	3	16	5.5	7.0	1	38.0	32.0	0	0.0	0.0	N/A
EWR	4	12	0.0	11.2	2	46.5	102.0	3	380.0	396.0	N/A
EWR	5	14	7.75	9.5	4	40.25	29.5	0	0.0	0.0	N/A
EWR	6	6	7.0	24.0	0	0.0	0.0	1	65.0	46.0	N/A
EWR	7	16	3.6666666666666665	13.75	3	29.666666666666668	45.333333333333336	3	339.6666666666667	317.6666666666667	N/A
EWR	8	14	6.0	7.0	5	35.8	21.6	0	0.0	0.0	N/A
EWR	9	15	5.0	37.5	1	53.0	44.0	0	0.0	0.0	N/A
EWR	10	13	7.666666666666667	9.333333333333334	1	23.0	2.0	0	0.0	0.0	N/A
EWR	11	11	5.0	8.666666666666666	3	37.0	34.666666666666664	2	64.5	59.0	N/A
EWR	12	9	5.0	5.0	3	27.666666666666668	11.333333333333334	1	85.0	81.0	N/A
EYW	3	0	0.0	0.0	1	34.0	31.0	0	0.0	0.0	N/A
EYW	5	1	14.0	25.0	0	0.0	0.0	0	0.0	0.0	N/A
EYW	7	2	5.0	5.0	0	0.0	0.0	0	0.0	0.0	N/A
EYW	8	1	0.0	0.0	0	0.0	0.0	0	0.0	0.0	N/A
EYW	9	1	0.0	0.0	0	0.0	0.0	0	0.0	0.0	N/A
EYW	10	1	0.0	0.0	0	0.0	0.0	0	0.0	0.0	N/A
EYW	11	1	0.0	0.0	2	29.0	19.5	0	0.0	0.0	N/A
EYW	12	1	6.0	0.0	0	0.0	0.0	0	0.0	0.0	N/A
FAI	1	2	0.0	0.0	0	0.0	0.0	0	0.0	0.0	N/A
FAR	1	1	0.0	0.0	0	0.0	0.0	0	0.0	0.0	N/A
FAR	2	0	0.0	0.0	0	0.0	0.0	2	292.0	272.5	N/A
FAR	3	2	0.0	0.0	0	0.0	0.0	0	0.0	0.0	N/A
FAR	4	1	0.0	4.0	0	0.0	0.0	1	114.0	107.0	N/A
FAR	5	2	5.0	4.0	0	0.0	0.0	0	0.0	0.0	N/A
FAR	8	1	0.0	0.0	0	0.0	0.0	0	0.0	0.0	N/A
FAR	11	1	0.0	1.0	0	0.0	0.0	0	0.0	0.0	N/A
FAR	12	1	6.0	66.0	1	19.0	0.0	0	0.0	0.0	N/A
FAT	1	2	14.0	8.0	0	0.0	0.0	0	0.0	0.0	N/A
FAT	2	2	0.0	1.0	0	0.0	0.0	0	0.0	0.0	N/A
FAT	4	0	0.0	0.0	2	31.5	21.0	0	0.0	0.0	N/A
FAT	5	1	3.0	0.0	0	0.0	0.0	0	0.0	0.0	N/A
FAT	6	2	0.0	0.0	0	0.0	0.0	0	0.0	0.0	N/A
FAT	9	3	0.0	0.0	1	18.0	4.0	0	0.0	0.0	N/A
FAT	10	1	0.0	0.0	0	0.0	0.0	0	0.0	0.0	N/A
FAT	11	1	0.0	0.0	0	0.0	0.0	0	0.0	0.0	N/A
FAT	12	0	0.0	0.0	1	17.0	10.0	0	0.0	0.0	N/A
FAY	6	1	0.0	0.0	0	0.0	0.0	0	0.0	0.0	N/A
FCA	6	1	0.0	0.0	0	0.0	0.0	0	0.0	0.0	N/A
FCA	9	1	0.0	0.0	0	0.0	0.0	0	0.0	0.0	N/A
FLG	10	0	0.0	0.0	0	0.0	0.0	1	156.0	161.0	N/A
FLG	12	0	0.0	0.0	0	0.0	0.0	1	61.0	73.0	N/A
FLL	1	10	7.0	22.666666666666668	4	24.0	27.5	0	0.0	0.0	N/A
FLL	2	6	7.0	3.6666666666666665	2	56.5	61.5	2	122.0	138.5	N/A
FLL	3	8	10.0	13.0	7	35.857142857142854	20.142857142857142	2	136.0	125.0	N/A
FLL	4	12	6.75	7.0	0	0.0	0.0	2	187.5	186.0	N/A
FLL	5	12	3.5	12.6	0	0.0	0.0	0	0.0	0.0	N/A
FLL	6	7	1.0	2.0	0	0.0	0.0	0	0.0	0.0	N/A
FLL	7	14	9.2	18.4	2	29.5	24.5	5	143.2	149.8	N/A
FLL	8	4	0.0	0.0	1	33.0	25.0	0	0.0	0.0	N/A
FLL	9	16	7.5	12.0	2	23.5	12.0	0	0.0	0.0	N/A
FLL	10	11	0.0	9.0	3	32.666666666666664	26.333333333333332	0	0.0	0.0	N/A
FLL	11	7	12.0	15.0	3	31.333333333333332	26.333333333333332	1	119.0	130.0	N/A
FLL	12	5	6.5	17.0	0	0.0	0.0	1	109.0	118.0	N/A
FNT	2	1	0.0	0.0	0	0.0	0.0	0	0.0	0.0	N/A
FNT	3	2	0.0	0.0	0	0.0	0.0	0	0.0	0.0	N/A
FSD	2	1	0.0	0.0	0	0.0	0.0	0	0.0	0.0	N/A
FSD	3	2	5.0	0.0	0	0.0	0.0	0	0.0	0.0	N/A
FSD	5	1	0.0	4.0	0	0.0	0.0	0	0.0	0.0	N/A
FSD	6	1	0.0	12.0	0	0.0	0.0	0	0.0	0.0	N/A
FSD	7	2	0.0	0.0	0	0.0	0.0	1	66.0	87.0	N/A
FSD	9	2	0.0	0.0	0	0.0	0.0	0	0.0	0.0	N/A
FSD	11	1	0.0	12.0	0	0.0	0.0	0	0.0	0.0	N/A
FSM	8	0	0.0	0.0	0	0.0	0.0	1	122.0	116.0	N/A
FSM	9	1	0.0	4.0	0	0.0	0.0	0	0.0	0.0	N/A
FWA	2	1	0.0	0.0	0	0.0	0.0	0	0.0	0.0	N/A
FWA	4	2	0.0	5.0	0	0.0	0.0	0	0.0	0.0	N/A
FWA	6	1	0.0	0.0	0	0.0	0.0	0	0.0	0.0	N/A
FWA	7	2	0.0	22.0	0	0.0	0.0	0	0.0	0.0	N/A
FWA	11	2	5.0	0.0	0	0.0	0.0	0	0.0	0.0	N/A
FWA	12	1	10.0	0.0	0	0.0	0.0	0	0.0	0.0	N/A
GCC	1	1	0.0	14.0	0	0.0	0.0	0	0.0	0.0	N/A
GEG	1	1	0.0	0.0	0	0.0	0.0	0	0.0	0.0	N/A
GEG	2	2	0.0	21.0	0	0.0	0.0	0	0.0	0.0	N/A
GEG	4	2	0.0	0.0	0	0.0	0.0	0	0.0	0.0	N/A
GEG	5	2	7.0	10.0	0	0.0	0.0	0	0.0	0.0	N/A
GEG	6	2	6.5	0.0	0	0.0	0.0	0	0.0	0.0	N/A
GEG	7	1	0.0	0.0	2	43.5	34.5	1	482.0	466.0	N/A
GEG	8	3	0.0	0.0	0	0.0	0.0	0	0.0	0.0	N/A
GEG	9	4	10.0	1.0	0	0.0	0.0	0	0.0	0.0	N/A
GEG	10	3	0.0	8.0	0	0.0	0.0	0	0.0	0.0	N/A
GEG	11	2	0.0	0.0	0	0.0	0.0	0	0.0	0.0	N/A
GGG	4	1	0.0	0.0	0	0.0	0.0	0	0.0	0.0	N/A
GGG	9	1	0.0	0.0	0	0.0	0.0	0	0.0	0.0	N/A
GJT	1	1	0.0	0.0	0	0.0	0.0	0	0.0	0.0	N/A
GJT	2	0	0.0	0.0	1	30.0	56.0	0	0.0	0.0	N/A
GJT	3	2	0.0	1.0	0	0.0	0.0	0	0.0	0.0	N/A
GNV	2	1	0.0	0.0	0	0.0	0.0	0	0.0	0.0	N/A
GNV	9	1	0.0	0.0	0	0.0	0.0	0	0.0	0.0	N/A
GNV	10	1	0.0	0.0	0	0.0	0.0	0	0.0	0.0	N/A
GPT	1	1	0.0	0.0	0	0.0	0.0	0	0.0	0.0	N/A
GPT	7	2	0.0	0.0	0	0.0	0.0	0	0.0	0.0	N/A
GPT	8	1	0.0	1.0	0	0.0	0.0	0	0.0	0.0	N/A
GPT	10	1	0.0	0.0	0	0.0	0.0	0	0.0	0.0	N/A
GPT	12	2	0.0	0.0	0	0.0	0.0	0	0.0	0.0	N/A
GRB	5	1	0.0	0.0	0	0.0	0.0	0	0.0	0.0	N/A
GRB	6	0	0.0	0.0	1	26.0	21.0	0	0.0	0.0	N/A
GRB	7	3	0.0	1.0	0	0.0	0.0	0	0.0	0.0	N/A
GRB	10	2	0.0	0.0	0	0.0	0.0	0	0.0	0.0	N/A
GRI	7	1	0.0	0.0	0	0.0	0.0	0	0.0	0.0	N/A
GRK	3	0	0.0	0.0	0	0.0	0.0	1	87.0	88.0	N/A
GRK	11	2	0.0	0.0	0	0.0	0.0	0	0.0	0.0	N/A
GRK	12	0	0.0	0.0	0	0.0	0.0	1	234.0	227.0	N/A
GRR	1	1	0.0	0.0	2	38.0	41.5	0	0.0	0.0	N/A
GRR	2	1	0.0	0.0	0	0.0	0.0	0	0.0	0.0	N/A
GRR	3	4	0.0	0.0	0	0.0	0.0	0	0.0	0.0	N/A
GRR	4	3	0.0	9.0	0	0.0	0.0	0	0.0	0.0	N/A
GRR	5	1	0.0	0.0	1	39.0	20.0	0	0.0	0.0	N/A
GRR	6	4	0.0	0.0	0	0.0	0.0	0	0.0	0.0	N/A
GRR	8	1	6.0	0.0	0	0.0	0.0	1	113.0	185.0	N/A
GRR	9	1	0.0	9.0	0	0.0	0.0	0	0.0	0.0	N/A
GRR	10	2	0.0	0.0	1	15.0	8.0	0	0.0	0.0	N/A
GRR	11	2	0.0	0.0	1	24.0	5.0	0	0.0	0.0	N/A
GRR	12	3	1.0	12.0	0	0.0	0.0	0	0.0	0.0	N/A
GSO	1	1	0.0	0.0	0	0.0	0.0	0	0.0	0.0	N/A
GSO	2	1	0.0	0.0	0	0.0	0.0	0	0.0	0.0	N/A
GSO	6	2	0.0	0.0	0	0.0	0.0	0	0.0	0.0	N/A
GSO	7	0	0.0	0.0	0	0.0	0.0	1	84.0	104.0	N/A
GSO	8	1	0.0	0.0	0	0.0	0.0	0	0.0	0.0	N/A
GSO	11	2	11.0	3.0	0	0.0	0.0	0	0.0	0.0	N/A
GSO	12	1	0.0	0.0	0	0.0	0.0	0	0.0	0.0	N/A
GSP	1	4	3.0	17.0	0	0.0	0.0	0	0.0	0.0	N/A
GSP	2	3	0.0	0.0	0	0.0	0.0	0	0.0	0.0	N/A
GSP	3	1	0.0	2.0	0	0.0	0.0	0	0.0	0.0	N/A
GSP	4	2	0.0	11.0	0	0.0	0.0	0	0.0	0.0	N/A
GSP	6	2	0.0	0.0	0	0.0	0.0	0	0.0	0.0	N/A
GSP	8	1	0.0	0.0	0	0.0	0.0	0	0.0	0.0	N/A
GSP	9	1	0.0	0.0	0	0.0	0.0	0	0.0	0.0	N/A
GSP	10	1	0.0	0.0	0	0.0	0.0	0	0.0	0.0	N/A
GSP	11	1	0.0	0.0	2	20.5	7.0	0	0.0	0.0	N/A
GSP	12	3	2.5	29.0	0	0.0	0.0	0	0.0	0.0	N/A
GST	7	1	0.0	0.0	0	0.0	0.0	0	0.0	0.0	N/A
GTF	2	1	0.0	0.0	0	0.0	0.0	0	0.0	0.0	N/A
GTF	4	2	0.0	0.0	0	0.0	0.0	0	0.0	0.0	N/A
GTF	5	1	0.0	0.0	0	0.0	0.0	0	0.0	0.0	N/A
GTF	10	1	0.0	0.0	0	0.0	0.0	0	0.0	0.0	N/A
GTF	12	0	0.0	0.0	0	0.0	0.0	1	223.0	240.0	N/A
GUC	7	0	0.0	0.0	0	0.0	0.0	1	98.0	91.0	N/A
GUC	9	1	0.0	0.0	0	0.0	0.0	0	0.0	0.0	N/A
GUM	9	0	0.0	0.0	0	0.0	0.0	1	162.0	152.0	N/A
GUM	10	1	0.0	0.0	0	0.0	0.0	0	0.0	0.0	N/A
HDN	1	1	0.0	0.0	0	0.0	0.0	0	0.0	0.0	N/A
HDN	2	1	0.0	60.0	0	0.0	0.0	0	0.0	0.0	N/A
HDN	3	1	0.0	0.0	0	0.0	0.0	0	0.0	0.0	N/A
HGR	5	1	0.0	0.0	0	0.0	0.0	0	0.0	0.0	N/A
HHH	8	1	0.0	0.0	0	0.0	0.0	0	0.0	0.0	N/A
HHH	9	1	0.0	0.0	0	0.0	0.0	0	0.0	0.0	N/A
HIB	1	1	0.0	0.0	0	0.0	0.0	0	0.0	0.0	N/A
HIB	10	1	0.0	0.0	0	0.0	0.0	0	0.0	0.0	N/A
HLN	8	1	0.0	0.0	0	0.0	0.0	0	0.0	0.0	N/A
HLN	11	1	0.0	0.0	0	0.0	0.0	0	0.0	0.0	N/A
HNL	1	3	6.0	10.5	1	28.0	19.0	1	70.0	71.0	N/A
HNL	2	10	2.75	10.5	1	49.0	16.0	0	0.0	0.0	N/A
HNL	3	7	3.3333333333333335	1.0	0	0.0	0.0	0	0.0	0.0	N/A
HNL	4	10	6.0	3.0	3	38.333333333333336	36.333333333333336	0	0.0	0.0	N/A
HNL	5	12	3.0	6.0	0	0.0	0.0	0	0.0	0.0	N/A
HNL	6	2	0.0	0.0	0	0.0	0.0	0	0.0	0.0	N/A
HNL	7	5	11.0	4.0	0	0.0	0.0	0	0.0	0.0	N/A
HNL	8	2	0.0	0.0	0	0.0	0.0	0	0.0	0.0	N/A
HNL	9	9	2.0	0.0	1	57.0	58.0	0	0.0	0.0	N/A
HNL	10	8	5.666666666666667	5.5	0	0.0	0.0	0	0.0	0.0	N/A
HNL	11	4	0.0	8.333333333333334	1	34.0	0.0	1	79.0	79.0	N/A
HNL	12	10	1.6666666666666667	10.75	1	19.0	11.0	0	0.0	0.0	N/A
HOU	1	2	2.0	0.0	0	0.0	0.0	1	92.0	156.0	N/A
HOU	2	4	1.0	10.0	0	0.0	0.0	0	0.0	0.0	N/A
HOU	3	6	7.0	5.5	2	30.5	26.0	0	0.0	0.0	N/A
HOU	4	7	6.0	12.666666666666666	1	20.0	0.0	0	0.0	0.0	N/A
HOU	5	3	9.0	5.0	0	0.0	0.0	0	0.0	0.0	N/A
HOU	6	7	6.0	0.0	2	35.5	20.5	1	119.0	105.0	N/A
HOU	7	5	6.5	12.0	1	53.0	44.0	0	0.0	0.0	N/A
HOU	8	2	4.0	0.0	1	21.0	7.0	0	0.0	0.0	N/A
HOU	9	3	0.0	0.0	0	0.0	0.0	0	0.0	0.0	N/A
HOU	10	3	0.0	9.0	0	0.0	0.0	0	0.0	0.0	N/A
HOU	11	6	8.666666666666666	5.0	2	22.0	23.0	0	0.0	0.0	N/A
HOU	12	5	7.0	19.0	0	0.0	0.0	1	83.0	78.0	N/A
HPN	1	3	6.0	16.0	0	0.0	0.0	0	0.0	0.0	N/A
HPN	2	2	0.0	0.0	0	0.0	0.0	0	0.0	0.0	N/A
HPN	4	1	0.0	0.0	0	0.0	0.0	0	0.0	0.0	N/A
HPN	6	1	0.0	1.0	0	0.0	0.0	0	0.0	0.0	N/A
HPN	9	2	0.0	0.0	0	0.0	0.0	0	0.0	0.0	N/A
HPN	11	1	0.0	0.0	0	0.0	0.0	0	0.0	0.0	N/A
HPN	12	1	0.0	0.0	0	0.0	0.0	0	0.0	0.0	N/A
HRL	3	0	0.0	0.0	1	40.0	33.0	0	0.0	0.0	N/A
HRL	10	3	0.0	0.0	0	0.0	0.0	0	0.0	0.0	N/A
HRL	11	2	7.0	0.0	0	0.0	0.0	0	0.0	0.0	N/A
HRL	12	3	2.0	15.0	0	0.0	0.0	0	0.0	0.0	N/A
HSV	1	2	0.0	0.0	0	0.0	0.0	0	0.0	0.0	N/A
HSV	3	1	0.0	0.0	0	0.0	0.0	0	0.0	0.0	N/A
HSV	6	0	0.0	0.0	1	28.0	29.0	0	0.0	0.0	N/A
HSV	8	1	0.0	0.0	0	0.0	0.0	0	0.0	0.0	N/A
HSV	9	1	0.0	0.0	1	32.0	14.0	0	0.0	0.0	N/A
HSV	12	1	0.0	0.0	0	0.0	0.0	0	0.0	0.0	N/A
HTS	4	1	6.0	0.0	0	0.0	0.0	0	0.0	0.0	N/A
IAD	1	5	8.0	0.0	1	41.0	17.0	0	0.0	0.0	N/A
IAD	2	2	0.0	0.0	1	38.0	39.0	0	0.0	0.0	N/A
IAD	3	4	11.0	3.5	1	16.0	21.0	0	0.0	0.0	N/A
IAD	4	5	0.0	0.0	4	36.5	32.0	2	250.5	258.5	N/A
IAD	5	5	13.0	14.0	2	49.5	34.0	1	131.0	117.0	N/A
IAD	6	5	0.0	5.0	1	23.0	26.0	1	63.0	38.0	N/A
IAD	7	3	1.5	0.0	2	26.0	15.5	1	216.0	200.0	N/A
IAD	8	2	3.0	0.0	1	45.0	41.0	0	0.0	0.0	N/A
IAD	9	2	0.0	0.0	1	28.0	32.0	0	0.0	0.0	N/A
IAD	10	6	5.5	13.5	1	57.0	44.0	0	0.0	0.0	N/A
IAD	11	1	2.0	0.0	0	0.0	0.0	0	0.0	0.0	N/A
IAD	12	6	5.0	0.0	1	21.0	3.0	0	0.0	0.0	N/A
IAH	1	7	0.0	2.5	0	0.0	0.0	1	78.0	64.0	N/A
IAH	2	13	1.0	2.0	1	42.0	36.0	0	0.0	0.0	N/A
IAH	3	7	0.0	22.0	0	0.0	0.0	3	190.0	169.0	N/A
IAH	4	12	5.0	5.5	4	43.75	33.25	0	0.0	0.0	N/A
IAH	5	1	1.0	3.0	2	19.5	24.5	6	232.66666666666666	225.0	N/A
IAH	6	12	7.2	5.2	2	42.5	29.0	2	121.5	112.0	N/A
IAH	7	11	7.0	6.5	3	28.666666666666668	51.0	1	96.0	83.0	N/A
IAH	8	14	4.333333333333333	3.3333333333333335	3	43.0	37.333333333333336	0	0.0	0.0	N/A
IAH	9	16	3.5	38.5	1	58.0	44.0	1	105.0	100.0	N/A
IAH	10	10	6.5	19.0	0	0.0	0.0	0	0.0	0.0	N/A
IAH	11	11	8.4	20.4	1	54.0	43.0	0	0.0	0.0	N/A
IAH	12	9	3.0	3.5	0	0.0	0.0	1	93.0	92.0	N/A
ICT	2	0	0.0	0.0	0	0.0	0.0	1	66.0	92.0	N/A
ICT	3	1	0.0	0.0	0	0.0	0.0	0	0.0	0.0	N/A
ICT	5	1	0.0	0.0	2	31.5	69.0	1	100.0	95.0	N/A
ICT	6	1	0.0	0.0	0	0.0	0.0	0	0.0	0.0	N/A
ICT	9	3	0.0	5.0	0	0.0	0.0	0	0.0	0.0	N/A
ICT	10	1	0.0	0.0	0	0.0	0.0	0	0.0	0.0	N/A
ICT	11	2	0.0	0.0	0	0.0	0.0	0	0.0	0.0	N/A
ICT	12	2	10.0	7.0	0	0.0	0.0	1	1005.0	995.0	N/A
IDA	7	0	0.0	0.0	1	34.0	16.0	1	148.0	143.0	N/A
IDA	8	1	0.0	0.0	0	0.0	0.0	0	0.0	0.0	N/A
ILM	3	1	0.0	1.0	2	36.0	35.5	0	0.0	0.0	N/A
ILM	4	1	0.0	0.0	0	0.0	0.0	0	0.0	0.0	N/A
ILM	5	2	8.0	2.0	0	0.0	0.0	1	76.0	66.0	N/A
ILM	7	1	0.0	0.0	0	0.0	0.0	0	0.0	0.0	N/A
ILM	8	2	0.0	0.0	0	0.0	0.0	0	0.0	0.0	N/A
ILM	9	2	0.0	0.0	0	0.0	0.0	0	0.0	0.0	N/A
ILM	11	2	6.0	9.5	0	0.0	0.0	0	0.0	0.0	N/A
IMT	8	1	0.0	0.0	0	0.0	0.0	0	0.0	0.0	N/A
IND	1	5	0.0	8.0	0	0.0	0.0	1	76.0	79.0	N/A
IND	2	4	1.5	0.0	0	0.0	0.0	0	0.0	0.0	N/A
IND	3	4	4.0	8.5	0	0.0	0.0	1	151.0	128.0	N/A
IND	4	10	0.0	9.0	1	23.0	27.0	0	0.0	0.0	N/A
IND	5	5	13.0	0.0	0	0.0	0.0	0	0.0	0.0	N/A
IND	6	4	7.666666666666667	7.333333333333333	0	0.0	0.0	1	182.0	173.0	N/A
IND	7	7	6.666666666666667	5.0	0	0.0	0.0	0	0.0	0.0	N/A
IND	8	5	5.5	16.0	0	0.0	0.0	0	0.0	0.0	N/A
IND	9	1	2.0	0.0	0	0.0	0.0	1	200.0	198.0	N/A
IND	10	6	9.0	15.0	0	0.0	0.0	0	0.0	0.0	N/A
IND	11	3	0.0	3.0	2	47.0	38.0	0	0.0	0.0	N/A
IND	12	1	0.0	0.0	0	0.0	0.0	1	65.0	56.0	N/A
ISP	2	1	10.0	0.0	0	0.0	0.0	0	0.0	0.0	N/A
ISP	5	1	1.0	0.0	1	16.0	10.0	0	0.0	0.0	N/A
ISP	6	1	0.0	0.0	0	0.0	0.0	0	0.0	0.0	N/A
ISP	7	0	0.0	0.0	1	31.0	21.0	1	78.0	45.0	N/A
ISP	8	1	0.0	0.0	0	0.0	0.0	0	0.0	0.0	N/A
ISP	11	1	0.0	0.0	0	0.0	0.0	0	0.0	0.0	N/A
ISP	12	1	8.0	0.0	0	0.0	0.0	0	0.0	0.0	N/A
ITH	2	1	0.0	0.0	0	0.0	0.0	0	0.0	0.0	N/A
ITH	5	1	0.0	0.0	0	0.0	0.0	0	0.0	0.0	N/A
ITH	7	1	0.0	3.0	0	0.0	0.0	0	0.0	0.0	N/A
ITO	6	2	0.0	3.0	0	0.0	0.0	0	0.0	0.0	N/A
ITO	8	1	0.0	0.0	0	0.0	0.0	0	0.0	0.0	N/A
ITO	9	1	0.0	0.0	0	0.0	0.0	0	0.0	0.0	N/A
ITO	11	2	0.0	16.0	0	0.0	0.0	0	0.0	0.0	N/A
JAC	1	1	0.0	0.0	0	0.0	0.0	0	0.0	0.0	N/A
JAC	7	1	0.0	0.0	0	0.0	0.0	0	0.0	0.0	N/A
JAC	9	3	0.0	0.0	0	0.0	0.0	0	0.0	0.0	N/A
JAC	12	1	0.0	0.0	1	39.0	64.0	0	0.0	0.0	N/A
JAN	1	0	0.0	0.0	0	0.0	0.0	2	104.0	100.5	N/A
JAN	3	1	0.0	0.0	0	0.0	0.0	0	0.0	0.0	N/A
JAN	4	0	0.0	0.0	1	19.0	52.0	0	0.0	0.0	N/A
JAN	7	1	0.0	0.0	1	52.0	37.0	0	0.0	0.0	N/A
JAN	9	1	0.0	0.0	0	0.0	0.0	0	0.0	0.0	N/A
JAN	11	2	0.0	0.0	1	28.0	16.0	0	0.0	0.0	N/A
JAN	12	1	0.0	0.0	0	0.0	0.0	0	0.0	0.0	N/A
JAX	1	4	10.0	19.0	0	0.0	0.0	1	89.0	119.0	N/A
JAX	2	3	0.0	0.0	0	0.0	0.0	0	0.0	0.0	N/A
JAX	3	2	12.0	8.0	0	0.0	0.0	1	91.0	84.0	N/A
JAX	4	3	0.0	0.0	0	0.0	0.0	0	0.0	0.0	N/A
JAX	5	2	0.0	0.0	2	39.5	23.5	0	0.0	0.0	N/A
JAX	6	1	0.0	0.0	0	0.0	0.0	0	0.0	0.0	N/A
JAX	7	6	9.0	3.0	1	22.0	8.0	1	115.0	108.0	N/A
JAX	9	3	0.0	0.0	0	0.0	0.0	0	0.0	0.0	N/A
JAX	10	3	0.0	0.0	0	0.0	0.0	0	0.0	0.0	N/A
JAX	11	6	0.0	7.0	0	0.0	0.0	0	0.0	0.0	N/A
JAX	12	2	14.0	22.0	0	0.0	0.0	0	0.0	0.0	N/A
JFK	1	9	1.0	15.666666666666666	1	21.0	48.0	0	0.0	0.0	N/A
JFK	2	10	6.333333333333333	6.0	4	27.75	27.333333333333332	0	0.0	0.0	N/A
JFK	3	18	9.0	12.0	2	29.0	29.0	3	113.33333333333333	113.33333333333333	N/A
JFK	4	12	0.0	6.0	2	50.5	43.5	0	0.0	0.0	N/A
JFK	5	9	7.0	61.0	0	0.0	0.0	1	102.0	79.0	N/A
JFK	6	9	5.0	17.0	3	29.666666666666668	25.0	0	0.0	0.0	N/A
JFK	7	12	9.666666666666666	12.0	2	44.5	37.0	1	104.0	113.0	N/A
JFK	8	11	9.25	12.0	8	26.5	31.714285714285715	0	0.0	0.0	N/A
JFK	9	14	10.0	11.25	3	30.666666666666668	19.5	0	0.0	0.0	N/A
JFK	10	23	6.666666666666667	18.0	2	32.5	37.0	0	0.0	0.0	N/A
JFK	11	16	1.0	13.333333333333334	1	36.0	37.0	0	0.0	0.0	N/A
JFK	12	12	5.5	7.666666666666667	3	43.0	36.333333333333336	0	0.0	0.0	N/A
JMS	7	1	11.0	2.0	0	0.0	0.0	0	0.0	0.0	N/A
JNU	6	1	8.0	0.0	0	0.0	0.0	0	0.0	0.0	N/A
JNU	7	0	0.0	0.0	0	0.0	0.0	1	71.0	75.0	N/A
JNU	8	1	0.0	0.0	0	0.0	0.0	0	0.0	0.0	N/A
JNU	10	2	1.0	16.0	0	0.0	0.0	0	0.0	0.0	N/A
JNU	11	1	0.0	0.0	0	0.0	0.0	0	0.0	0.0	N/A
JST	9	1	0.0	0.0	0	0.0	0.0	0	0.0	0.0	N/A
KOA	1	2	0.0	0.0	0	0.0	0.0	0	0.0	0.0	N/A
KOA	2	4	7.0	9.5	0	0.0	0.0	0	0.0	0.0	N/A
KOA	3	1	0.0	0.0	0	0.0	0.0	0	0.0	0.0	N/A
KOA	4	2	0.0	0.0	0	0.0	0.0	0	0.0	0.0	N/A
KOA	5	2	0.0	0.0	0	0.0	0.0	0	0.0	0.0	N/A
KOA	6	2	2.0	2.0	1	55.0	55.0	0	0.0	0.0	N/A
KOA	7	1	0.0	0.0	0	0.0	0.0	0	0.0	0.0	N/A
KOA	8	3	3.0	5.0	0	0.0	0.0	0	0.0	0.0	N/A
KOA	10	2	0.0	0.0	0	0.0	0.0	0	0.0	0.0	N/A
KOA	11	4	0.0	10.0	0	0.0	0.0	0	0.0	0.0	N/A
KTN	1	1	5.0	0.0	0	0.0	0.0	0	0.0	0.0	N/A
KTN	9	1	11.0	6.0	0	0.0	0.0	0	0.0	0.0	N/A
LAN	6	1	0.0	0.0	0	0.0	0.0	0	0.0	0.0	N/A
LAN	9	2	0.0	0.0	0	0.0	0.0	0	0.0	0.0	N/A
LAS	1	8	9.666666666666666	5.25	2	25.5	32.0	1	165.0	159.0	N/A
LAS	2	13	5.8	7.6	1	27.0	0.0	0	0.0	0.0	N/A
LAS	3	13	2.25	5.5	7	31.428571428571427	32.333333333333336	2	95.0	83.5	N/A
LAS	4	15	6.666666666666667	11.333333333333334	3	34.333333333333336	19.333333333333332	2	105.0	91.5	N/A
LAS	5	20	7.142857142857143	1.5	4	36.5	27.25	0	0.0	0.0	N/A
LAS	6	14	5.0	23.0	5	34.0	25.8	1	89.0	80.0	N/A
LAS	7	7	0.0	11.5	2	30.5	41.5	2	117.0	108.5	N/A
LAS	8	13	4.8	38.666666666666664	5	35.8	33.2	4	140.5	140.5	N/A
LAS	9	16	5.5	8.75	3	33.0	23.333333333333332	3	95.66666666666667	104.0	N/A
LAS	10	16	4.0	9.0	3	31.666666666666668	17.666666666666668	2	68.0	107.0	N/A
LAS	11	14	7.0	8.0	5	44.6	31.6	1	131.0	160.0	N/A
LAS	12	21	4.833333333333333	7.375	1	27.0	22.0	1	215.0	191.0	N/A
LAX	1	14	12.0	3.3333333333333335	2	30.5	89.0	2	94.0	97.0	N/A
LAX	2	15	9.0	9.75	0	0.0	0.0	0	0.0	0.0	N/A
LAX	3	18	2.6666666666666665	6.5	2	38.0	56.0	2	79.5	92.5	N/A
LAX	4	15	6.0	11.75	4	28.25	20.25	3	94.66666666666667	97.0	N/A
LAX	5	20	7.166666666666667	10.75	2	32.0	26.0	1	113.0	92.0	N/A
LAX	6	18	2.5	0.0	5	26.2	24.5	5	102.4	79.8	N/A
LAX	7	17	5.0	15.0	9	32.666666666666664	33.375	2	123.5	126.5	N/A
LAX	8	19	5.6	10.5	5	21.6	16.75	2	140.0	159.5	N/A
LAX	9	24	8.25	14.5	3	31.666666666666668	32.0	0	0.0	0.0	N/A
LAX	10	23	3.0	17.2	2	25.5	21.0	1	198.0	255.0	N/A
LAX	11	21	4.2	13.0	1	17.0	22.0	0	0.0	0.0	N/A
LAX	12	16	6.0	14.333333333333334	2	33.0	34.0	3	235.33333333333334	246.66666666666666	N/A
LBB	1	2	0.0	0.0	0	0.0	0.0	0	0.0	0.0	N/A
LBB	4	1	0.0	0.0	1	26.0	6.0	0	0.0	0.0	N/A
LBB	9	1	0.0	0.0	0	0.0	0.0	0	0.0	0.0	N/A
LBF	2	1	13.0	0.0	0	0.0	0.0	0	0.0	0.0	N/A
LBF	8	1	0.0	0.0	0	0.0	0.0	0	0.0	0.0	N/A
LBF	12	1	0.0	0.0	0	0.0	0.0	0	0.0	0.0	N/A
LBL	8	1	0.0	0.0	0	0.0	0.0	0	0.0	0.0	N/A
LCH	1	1	0.0	2.0	0	0.0	0.0	0	0.0	0.0	N/A
LCH	10	1	9.0	0.0	0	0.0	0.0	0	0.0	0.0	N/A
LCK	7	1	0.0	0.0	0	0.0	0.0	0	0.0	0.0	N/A
LEX	1	1	0.0	0.0	1	25.0	9.0	0	0.0	0.0	N/A
LEX	3	0	0.0	0.0	0	0.0	0.0	1	94.0	83.0	N/A
LEX	4	1	0.0	0.0	0	0.0	0.0	0	0.0	0.0	N/A
LEX	5	1	0.0	0.0	0	0.0	0.0	0	0.0	0.0	N/A
LEX	7	2	0.0	0.0	1	46.0	42.0	1	203.0	224.0	N/A
LEX	8	1	12.0	6.0	0	0.0	0.0	0	0.0	0.0	N/A
LEX	9	1	14.0	3.0	0	0.0	0.0	0	0.0	0.0	N/A
LEX	10	0	0.0	0.0	0	0.0	0.0	1	118.0	96.0	N/A
LEX	11	1	0.0	0.0	0	0.0	0.0	0	0.0	0.0	N/A
LFT	1	1	0.0	0.0	0	0.0	0.0	0	0.0	0.0	N/A
LFT	3	1	0.0	0.0	0	0.0	0.0	0	0.0	0.0	N/A
LFT	5	1	0.0	0.0	0	0.0	0.0	0	0.0	0.0	N/A
LFT	8	1	0.0	0.0	0	0.0	0.0	0	0.0	0.0	N/A
LFT	9	0	0.0	0.0	0	0.0	0.0	1	386.0	363.0	N/A
LGA	1	16	4.5	11.5	0	0.0	0.0	4	240.25	243.5	N/A
LGA	2	14	5.333333333333333	2.6666666666666665	0	0.0	0.0	0	0.0	0.0	N/A
LGA	3	11	7.0	3.0	5	29.0	16.5	2	81.5	73.0	N/A
LGA	4	23	9.25	12.5	1	17.0	0.0	0	0.0	0.0	N/A
LGA	5	18	7.75	8.333333333333334	2	23.5	42.0	3	179.66666666666666	196.0	N/A
LGA	6	15	3.75	32.5	5	32.0	22.0	1	351.0	364.0	N/A
LGA	7	20	4.5	61.5	2	31.5	56.5	4	111.25	100.0	N/A
LGA	8	10	7.0	32.0	0	0.0	0.0	2	104.0	120.5	N/A
LGA	9	18	7.0	8.0	1	31.0	31.0	1	72.0	69.0	N/A
LGA	10	13	1.0	28.5	0	0.0	0.0	1	99.0	91.0	N/A
LGA	11	14	2.5	9.0	2	35.0	21.0	1	94.0	88.0	N/A
LGA	12	16	2.5	5.0	2	31.0	64.0	2	131.0	123.5	N/A
LGB	1	1	0.0	0.0	0	0.0	0.0	0	0.0	0.0	N/A
LGB	2	2	11.0	0.0	0	0.0	0.0	0	0.0	0.0	N/A
LGB	3	2	3.0	0.0	0	0.0	0.0	0	0.0	0.0	N/A
LGB	4	1	3.0	0.0	0	0.0	0.0	0	0.0	0.0	N/A
LGB	6	2	0.0	0.0	0	0.0	0.0	0	0.0	0.0	N/A
LGB	7	3	0.0	0.0	1	51.0	42.0	0	0.0	0.0	N/A
LGB	8	1	0.0	0.0	0	0.0	0.0	0	0.0	0.0	N/A
LGB	9	1	0.0	0.0	0	0.0	0.0	0	0.0	0.0	N/A
LGB	11	3	0.0	0.0	1	18.0	7.0	0	0.0	0.0	N/A
LGB	12	1	0.0	0.0	0	0.0	0.0	0	0.0	0.0	N/A
LIH	1	0	0.0	0.0	1	36.0	35.0	0	0.0	0.0	N/A
LIH	2	3	10.0	16.0	0	0.0	0.0	0	0.0	0.0	N/A
LIH	3	0	0.0	0.0	2	17.0	8.0	0	0.0	0.0	N/A
LIH	4	2	0.0	0.0	0	0.0	0.0	1	133.0	143.0	N/A
LIH	5	2	10.0	6.0	0	0.0	0.0	0	0.0	0.0	N/A
LIH	6	3	0.0	0.0	0	0.0	0.0	0	0.0	0.0	N/A
LIH	7	1	14.0	10.0	0	0.0	0.0	0	0.0	0.0	N/A
LIH	8	5	0.0	0.0	0	0.0	0.0	0	0.0	0.0	N/A
LIH	9	2	0.0	0.0	0	0.0	0.0	0	0.0	0.0	N/A
LIH	11	4	0.0	0.0	0	0.0	0.0	0	0.0	0.0	N/A
LIH	12	3	4.0	0.0	0	0.0	0.0	0	0.0	0.0	N/A
LIT	2	4	0.0	11.0	0	0.0	0.0	0	0.0	0.0	N/A
LIT	3	0	0.0	0.0	1	43.0	26.0	1	117.0	130.0	N/A
LIT	5	2	0.0	0.0	0	0.0	0.0	0	0.0	0.0	N/A
LIT	6	2	2.5	0.0	1	55.0	63.0	0	0.0	0.0	N/A
LIT	7	1	2.0	0.0	0	0.0	0.0	0	0.0	0.0	N/A
LIT	8	2	0.0	0.0	0	0.0	0.0	1	139.0	131.0	N/A
LIT	9	0	0.0	0.0	0	0.0	0.0	1	110.0	137.0	N/A
LIT	10	3	14.0	4.0	0	0.0	0.0	1	142.0	114.0	N/A
LIT	12	1	0.0	5.0	0	0.0	0.0	0	0.0	0.0	N/A
LNK	3	1	0.0	0.0	0	0.0	0.0	0	0.0	0.0	N/A
LNK	9	1	0.0	3.0	0	0.0	0.0	0	0.0	0.0	N/A
LRD	1	1	0.0	1.0	0	0.0	0.0	0	0.0	0.0	N/A
LRD	6	1	0.0	0.0	0	0.0	0.0	0	0.0	0.0	N/A
LRD	11	1	0.0	11.0	0	0.0	0.0	0	0.0	0.0	N/A
MAF	1	3	11.0	37.0	0	0.0	0.0	0	0.0	0.0	N/A
MAF	2	1	0.0	0.0	0	0.0	0.0	0	0.0	0.0	N/A
MAF	3	1	10.0	0.0	0	0.0	0.0	0	0.0	0.0	N/A
MAF	4	1	0.0	0.0	0	0.0	0.0	0	0.0	0.0	N/A
MAF	5	1	0.0	0.0	0	0.0	0.0	0	0.0	0.0	N/A
MAF	6	3	0.0	2.0	1	26.0	16.0	0	0.0	0.0	N/A
MAF	7	2	4.0	3.0	0	0.0	0.0	0	0.0	0.0	N/A
MAF	9	1	0.0	0.0	0	0.0	0.0	0	0.0	0.0	N/A
MAF	11	1	5.0	18.0	0	0.0	0.0	0	0.0	0.0	N/A
MAF	12	2	1.0	0.0	0	0.0	0.0	0	0.0	0.0	N/A
MBS	4	1	0.0	0.0	0	0.0	0.0	0	0.0	0.0	N/A
MBS	6	0	0.0	0.0	0	0.0	0.0	1	366.0	357.0	N/A
MBS	9	2	0.0	0.0	0	0.0	0.0	0	0.0	0.0	N/A
MBS	11	1	0.0	0.0	0	0.0	0.0	0	0.0	0.0	N/A
MBS	12	0	0.0	0.0	0	0.0	0.0	1	241.0	244.0	N/A
MCI	1	6	5.0	12.5	0	0.0	0.0	0	0.0	0.0	N/A
MCI	2	1	0.0	0.0	1	15.0	1.0	0	0.0	0.0	N/A
MCI	3	2	0.0	6.0	0	0.0	0.0	1	68.0	79.0	N/A
MCI	4	7	5.0	20.0	0	0.0	0.0	1	66.0	69.0	N/A
MCI	5	3	0.0	0.0	2	40.0	35.5	0	0.0	0.0	N/A
MCI	6	3	6.5	3.0	1	31.0	20.0	2	72.5	70.0	N/A
MCI	7	7	10.0	15.5	1	19.0	19.0	0	0.0	0.0	N/A
MCI	8	6	0.0	3.0	1	26.0	37.0	0	0.0	0.0	N/A
MCI	9	3	0.0	0.0	0	0.0	0.0	1	71.0	70.0	N/A
MCI	10	5	0.0	0.0	1	30.0	42.0	0	0.0	0.0	N/A
MCI	11	4	0.0	0.0	1	39.0	42.0	0	0.0	0.0	N/A
MCI	12	4	11.0	3.0	0	0.0	0.0	0	0.0	0.0	N/A
MCO	1	11	7.333333333333333	28.25	6	28.833333333333332	20.666666666666668	0	0.0	0.0	N/A
MCO	2	15	5.0	13.833333333333334	3	27.333333333333332	22.666666666666668	1	137.0	150.0	N/A
MCO	3	16	7.25	20.0	7	39.142857142857146	37.857142857142854	3	90.33333333333333	96.0	N/A
MCO	4	12	9.0	7.8	2	19.5	16.0	1	88.0	78.0	N/A
MCO	5	16	8.0	27.5	3	31.333333333333332	43.0	2	133.0	112.5	N/A
MCO	6	15	4.0	26.6	1	56.0	41.0	1	69.0	63.0	N/A
MCO	7	9	7.666666666666667	41.666666666666664	1	50.0	68.0	2	141.5	114.5	N/A
MCO	8	11	4.666666666666667	33.0	2	34.5	18.5	4	133.25	118.0	N/A
MCO	9	17	6.166666666666667	9.0	0	0.0	0.0	0	0.0	0.0	N/A
MCO	10	15	8.0	2.0	3	22.333333333333332	8.333333333333334	1	97.0	73.0	N/A
MCO	11	14	6.333333333333333	17.0	2	21.5	30.0	2	105.0	101.5	N/A
MCO	12	16	3.0	24.333333333333332	4	34.0	25.333333333333332	3	122.33333333333333	118.33333333333333	N/A
MDT	1	1	1.0	0.0	0	0.0	0.0	0	0.0	0.0	N/A
MDT	3	2	0.0	0.0	0	0.0	0.0	0	0.0	0.0	N/A
MDT	4	1	0.0	0.0	0	0.0	0.0	0	0.0	0.0	N/A
MDT	5	2	0.0	0.0	0	0.0	0.0	0	0.0	0.0	N/A
MDT	8	1	0.0	0.0	0	0.0	0.0	0	0.0	0.0	N/A
MDT	12	1	0.0	0.0	0	0.0	0.0	0	0.0	0.0	N/A
MDW	1	10	7.333333333333333	10.0	1	28.0	39.0	0	0.0	0.0	N/A
MDW	2	11	4.75	5.0	2	21.0	5.0	0	0.0	0.0	N/A
MDW	3	10	8.25	1.0	1	56.0	38.0	0	0.0	0.0	N/A
MDW	4	12	8.25	11.5	4	28.25	19.25	1	177.0	199.0	N/A
MDW	5	5	9.0	13.0	1	38.0	38.0	1	70.0	53.0	N/A
MDW	6	3	9.666666666666666	4.0	6	30.0	20.5	1	79.0	88.0	N/A
MDW	7	9	1.5	6.25	4	29.0	21.25	2	153.5	162.0	N/A
MDW	8	7	6.5	14.0	2	26.0	27.5	2	100.0	92.5	N/A
MDW	9	6	5.5	4.0	2	34.0	31.5	0	0.0	0.0	N/A
MDW	10	6	5.666666666666667	0.0	0	0.0	0.0	0	0.0	0.0	N/A
MDW	11	3	2.0	0.0	0	0.0	0.0	0	0.0	0.0	N/A
MDW	12	7	0.0	0.0	0	0.0	0.0	0	0.0	0.0	N/A
MEI	6	1	2.0	10.0	0	0.0	0.0	0	0.0	0.0	N/A
MEM	1	1	0.0	0.0	1	56.0	33.0	0	0.0	0.0	N/A
MEM	2	1	0.0	9.0	0	0.0	0.0	0	0.0	0.0	N/A
MEM	3	3	0.0	0.0	1	16.0	5.0	0	0.0	0.0	N/A
MEM	4	3	0.0	0.0	1	18.0	10.0	0	0.0	0.0	N/A
MEM	5	4	3.0	13.0	1	15.0	6.0	1	195.0	180.0	N/A
MEM	6	2	0.0	0.0	0	0.0	0.0	0	0.0	0.0	N/A
MEM	8	2	0.0	0.0	0	0.0	0.0	0	0.0	0.0	N/A
MEM	9	1	0.0	0.0	0	0.0	0.0	0	0.0	0.0	N/A
MEM	10	2	0.0	0.0	1	23.0	9.0	0	0.0	0.0	N/A
MEM	11	3	1.0	0.0	0	0.0	0.0	0	0.0	0.0	N/A
MEM	12	1	0.0	0.0	1	42.0	27.0	1	69.0	79.0	N/A
MFE	4	1	0.0	0.0	0	0.0	0.0	0	0.0	0.0	N/A
MFE	5	0	0.0	0.0	1	20.0	11.0	0	0.0	0.0	N/A
MFE	6	1	0.0	0.0	0	0.0	0.0	0	0.0	0.0	N/A
MFE	7	1	0.0	0.0	1	40.0	27.0	0	0.0	0.0	N/A
MFE	10	1	0.0	0.0	0	0.0	0.0	0	0.0	0.0	N/A
MFE	12	1	0.0	0.0	0	0.0	0.0	0	0.0	0.0	N/A
MFR	1	1	0.0	0.0	0	0.0	0.0	0	0.0	0.0	N/A
MFR	3	2	0.0	0.0	0	0.0	0.0	0	0.0	0.0	N/A
MFR	5	1	0.0	0.0	0	0.0	0.0	0	0.0	0.0	N/A
MFR	10	3	0.0	0.0	0	0.0	0.0	0	0.0	0.0	N/A
MFR	11	1	0.0	0.0	0	0.0	0.0	0	0.0	0.0	N/A
MGM	2	1	0.0	0.0	0	0.0	0.0	0	0.0	0.0	N/A
MGM	4	1	0.0	0.0	0	0.0	0.0	0	0.0	0.0	N/A
MGM	8	1	0.0	0.0	0	0.0	0.0	0	0.0	0.0	N/A
MGM	9	1	0.0	0.0	0	0.0	0.0	0	0.0	0.0	N/A
MHK	10	1	0.0	0.0	0	0.0	0.0	0	0.0	0.0	N/A
MHT	1	1	0.0	21.0	0	0.0	0.0	0	0.0	0.0	N/A
MHT	3	1	0.0	0.0	0	0.0	0.0	0	0.0	0.0	N/A
MHT	5	0	0.0	0.0	1	58.0	48.0	0	0.0	0.0	N/A
MHT	6	0	0.0	0.0	1	48.0	36.0	0	0.0	0.0	N/A
MHT	8	1	0.0	0.0	0	0.0	0.0	0	0.0	0.0	N/A
MHT	10	1	0.0	0.0	0	0.0	0.0	0	0.0	0.0	N/A
MHT	12	1	0.0	47.0	0	0.0	0.0	0	0.0	0.0	N/A
MIA	1	8	0.0	33.666666666666664	3	25.666666666666668	38.333333333333336	2	106.0	95.5	N/A
MIA	2	11	6.0	15.0	0	0.0	0.0	0	0.0	0.0	N/A
MIA	3	8	8.333333333333334	19.0	5	30.6	30.4	3	136.0	161.33333333333334	N/A
MIA	4	13	3.8	9.0	5	43.0	46.4	2	85.0	68.0	N/A
MIA	5	9	7.666666666666667	13.333333333333334	0	0.0	0.0	3	102.33333333333333	96.33333333333333	N/A
MIA	6	4	3.0	3.0	3	33.666666666666664	27.5	1	92.0	129.0	N/A
MIA	7	8	8.5	0.0	4	19.0	29.25	3	117.33333333333333	125.33333333333333	N/A
MIA	8	9	2.0	0.0	2	23.0	14.5	3	169.33333333333334	166.33333333333334	N/A
MIA	9	9	2.0	11.333333333333334	3	43.666666666666664	70.33333333333333	0	0.0	0.0	N/A
MIA	10	9	7.0	9.0	0	0.0	0.0	1	97.0	79.0	N/A
MIA	11	10	3.0	11.666666666666666	2	38.0	47.0	1	118.0	89.0	N/A
MIA	12	13	7.2	28.0	1	20.0	24.0	2	95.0	84.5	N/A
MKE	1	0	0.0	0.0	1	20.0	0.0	1	61.0	38.0	N/A
MKE	2	7	0.0	5.0	0	0.0	0.0	0	0.0	0.0	N/A
MKE	3	1	0.0	0.0	0	0.0	0.0	2	88.0	148.5	N/A
MKE	4	2	0.0	0.0	0	0.0	0.0	0	0.0	0.0	N/A
MKE	5	3	1.0	0.0	0	0.0	0.0	1	62.0	56.0	N/A
MKE	6	3	2.0	0.0	0	0.0	0.0	0	0.0	0.0	N/A
MKE	7	2	12.0	10.0	0	0.0	0.0	1	62.0	56.0	N/A
MKE	8	3	0.0	11.0	2	41.5	39.5	0	0.0	0.0	N/A
MKE	9	3	10.0	22.0	0	0.0	0.0	0	0.0	0.0	N/A
MKE	10	3	6.0	0.0	1	16.0	34.0	0	0.0	0.0	N/A
MKE	11	1	0.0	0.0	0	0.0	0.0	0	0.0	0.0	N/A
MKE	12	1	5.0	0.0	0	0.0	0.0	0	0.0	0.0	N/A
MLB	1	1	0.0	0.0	0	0.0	0.0	0	0.0	0.0	N/A
MLB	7	1	0.0	0.0	0	0.0	0.0	0	0.0	0.0	N/A
MLB	11	1	0.0	0.0	0	0.0	0.0	0	0.0	0.0	N/A
MLB	12	1	0.0	0.0	0	0.0	0.0	0	0.0	0.0	N/A
MLI	2	1	0.0	0.0	0	0.0	0.0	0	0.0	0.0	N/A
MLI	3	0	0.0	0.0	1	15.0	26.0	0	0.0	0.0	N/A
MLI	5	2	2.5	0.0	0	0.0	0.0	0	0.0	0.0	N/A
MLI	6	2	0.0	0.0	0	0.0	0.0	0	0.0	0.0	N/A
MLI	9	1	0.0	0.0	0	0.0	0.0	0	0.0	0.0	N/A
MLI	10	2	0.0	0.0	1	30.0	9.0	0	0.0	0.0	N/A
MLI	11	0	0.0	0.0	1	20.0	20.0	0	0.0	0.0	N/A
MLI	12	0	0.0	0.0	0	0.0	0.0	1	279.0	357.0	N/A
MLU	5	1	0.0	0.0	0	0.0	0.0	0	0.0	0.0	N/A
MLU	10	1	0.0	0.0	0	0.0	0.0	0	0.0	0.0	N/A
MOB	3	1	0.0	0.0	0	0.0	0.0	0	0.0	0.0	N/A
MOB	9	2	0.0	0.0	0	0.0	0.0	0	0.0	0.0	N/A
MOB	11	1	0.0	7.0	0	0.0	0.0	0	0.0	0.0	N/A
MOT	1	1	0.0	0.0	0	0.0	0.0	0	0.0	0.0	N/A
MOT	8	2	0.0	0.0	0	0.0	0.0	0	0.0	0.0	N/A
MOT	10	2	12.0	17.0	0	0.0	0.0	0	0.0	0.0	N/A
MOT	11	0	0.0	0.0	0	0.0	0.0	1	694.0	662.0	N/A
MRY	5	1	0.0	0.0	0	0.0	0.0	0	0.0	0.0	N/A
MRY	8	2	13.0	8.0	0	0.0	0.0	0	0.0	0.0	N/A
MRY	11	1	0.0	0.0	1	21.0	14.0	0	0.0	0.0	N/A
MRY	12	1	0.0	0.0	0	0.0	0.0	0	0.0	0.0	N/A
MSN	2	1	0.0	0.0	0	0.0	0.0	0	0.0	0.0	N/A
MSN	3	2	0.0	7.0	0	0.0	0.0	0	0.0	0.0	N/A
MSN	5	2	0.0	17.0	0	0.0	0.0	0	0.0	0.0	N/A
MSN	6	0	0.0	0.0	0	0.0	0.0	1	80.0	77.0	N/A
MSN	9	1	0.0	0.0	0	0.0	0.0	0	0.0	0.0	N/A
MSN	10	4	0.0	0.0	0	0.0	0.0	0	0.0	0.0	N/A
MSN	11	1	9.0	22.0	0	0.0	0.0	0	0.0	0.0	N/A
MSO	1	1	0.0	0.0	0	0.0	0.0	0	0.0	0.0	N/A
MSO	2	1	0.0	0.0	0	0.0	0.0	0	0.0	0.0	N/A
MSO	4	1	0.0	0.0	0	0.0	0.0	0	0.0	0.0	N/A
MSO	5	1	0.0	0.0	0	0.0	0.0	0	0.0	0.0	N/A
MSO	8	1	0.0	0.0	1	15.0	2.0	0	0.0	0.0	N/A
MSO	12	2	0.0	0.0	0	0.0	0.0	0	0.0	0.0	N/A
MSP	1	14	5.0	5.75	2	19.0	17.0	0	0.0	0.0	N/A
MSP	2	9	4.0	12.5	2	39.5	14.5	0	0.0	0.0	N/A
MSP	3	12	6.0	16.6	1	22.0	5.0	2	85.5	101.5	N/A
MSP	4	14	11.0	20.5	0	0.0	0.0	0	0.0	0.0	N/A
MSP	5	10	9.75	12.6	3	28.333333333333332	18.0	2	82.0	72.5	N/A
MSP	6	10	3.0	9.4	4	40.25	48.5	2	125.5	121.0	N/A
MSP	7	8	1.0	19.0	4	29.0	35.5	0	0.0	0.0	N/A
MSP	8	14	6.0	4.0	6	41.0	50.4	1	64.0	44.0	N/A
MSP	9	7	3.0	5.5	1	19.0	6.0	0	0.0	0.0	N/A
MSP	10	21	9.5	7.222222222222222	1	38.0	18.0	2	81.5	78.0	N/A
MSP	11	10	12.0	9.333333333333334	0	0.0	0.0	0	0.0	0.0	N/A
MSP	12	5	0.0	9.5	1	59.0	46.0	0	0.0	0.0	N/A
MSY	1	1	9.0	6.0	0	0.0	0.0	0	0.0	0.0	N/A
MSY	2	1	9.0	0.0	0	0.0	0.0	1	104.0	92.0	N/A
MSY	3	1	0.0	0.0	3	31.666666666666668	39.5	0	0.0	0.0	N/A
MSY	4	7	4.5	0.0	0	0.0	0.0	1	181.0	165.0	N/A
MSY	5	5	8.333333333333334	22.25	3	44.333333333333336	59.666666666666664	1	139.0	126.0	N/A
MSY	6	3	0.0	0.0	1	46.0	47.0	0	0.0	0.0	N/A
MSY	7	2	0.0	1.0	1	25.0	10.0	0	0.0	0.0	N/A
MSY	8	5	6.0	5.0	0	0.0	0.0	0	0.0	0.0	N/A
MSY	9	7	7.0	0.0	0	0.0	0.0	0	0.0	0.0	N/A
MSY	10	3	0.0	0.0	0	0.0	0.0	0	0.0	0.0	N/A
MSY	11	6	0.0	1.0	1	27.0	28.0	0	0.0	0.0	N/A
MSY	12	5	0.0	8.5	1	27.0	14.0	0	0.0	0.0	N/A
MTJ	1	1	0.0	0.0	1	35.0	53.0	0	0.0	0.0	N/A
MTJ	5	1	0.0	0.0	0	0.0	0.0	0	0.0	0.0	N/A
MTJ	6	0	0.0	0.0	0	0.0	0.0	1	213.0	192.0	N/A
MTJ	8	1	0.0	0.0	0	0.0	0.0	0	0.0	0.0	N/A
MTJ	10	1	0.0	0.0	0	0.0	0.0	0	0.0	0.0	N/A
MVY	7	0	0.0	0.0	1	40.0	32.0	0	0.0	0.0	N/A
MYR	3	1	0.0	0.0	0	0.0	0.0	0	0.0	0.0	N/A
MYR	4	2	0.0	0.0	0	0.0	0.0	1	62.0	48.0	N/A
MYR	5	3	11.0	16.0	0	0.0	0.0	0	0.0	0.0	N/A
MYR	6	1	0.0	0.0	0	0.0	0.0	0	0.0	0.0	N/A
MYR	7	0	0.0	0.0	1	18.0	24.0	0	0.0	0.0	N/A
MYR	8	1	1.0	0.0	0	0.0	0.0	0	0.0	0.0	N/A
MYR	9	1	0.0	0.0	1	15.0	39.0	0	0.0	0.0	N/A
MYR	10	2	0.0	9.0	0	0.0	0.0	0	0.0	0.0	N/A
MYR	12	1	0.0	0.0	1	24.0	23.0	0	0.0	0.0	N/A
OAK	1	1	0.0	6.0	2	31.0	24.0	1	151.0	151.0	N/A
OAK	3	6	7.5	0.0	0	0.0	0.0	0	0.0	0.0	N/A
OAK	4	5	4.0	3.0	1	37.0	30.0	0	0.0	0.0	N/A
OAK	5	3	0.0	0.0	0	0.0	0.0	0	0.0	0.0	N/A
OAK	6	3	8.0	4.0	0	0.0	0.0	0	0.0	0.0	N/A
OAK	7	4	3.0	0.0	0	0.0	0.0	0	0.0	0.0	N/A
OAK	8	3	0.0	0.0	1	23.0	63.0	0	0.0	0.0	N/A
OAK	9	5	8.0	1.0	0	0.0	0.0	1	84.0	84.0	N/A
OAK	10	6	6.0	0.0	1	23.0	13.0	0	0.0	0.0	N/A
OAK	11	3	2.5	0.0	0	0.0	0.0	0	0.0	0.0	N/A
OAK	12	2	0.0	0.0	2	16.5	9.5	0	0.0	0.0	N/A
OGG	1	3	5.0	5.0	2	20.0	18.0	1	106.0	100.0	N/A
OGG	2	2	0.0	0.0	0	0.0	0.0	0	0.0	0.0	N/A
OGG	3	5	13.0	6.5	0	0.0	0.0	0	0.0	0.0	N/A
OGG	4	3	0.0	0.0	0	0.0	0.0	0	0.0	0.0	N/A
OGG	5	3	10.0	5.0	0	0.0	0.0	0	0.0	0.0	N/A
OGG	6	1	0.0	0.0	0	0.0	0.0	0	0.0	0.0	N/A
OGG	7	1	4.0	2.0	0	0.0	0.0	0	0.0	0.0	N/A
OGG	8	1	0.0	0.0	0	0.0	0.0	0	0.0	0.0	N/A
OGG	9	5	0.0	5.0	1	43.0	59.0	0	0.0	0.0	N/A
OGG	10	6	1.0	5.5	0	0.0	0.0	0	0.0	0.0	N/A
OGG	11	1	0.0	0.0	0	0.0	0.0	0	0.0	0.0	N/A
OGG	12	3	5.0	4.0	0	0.0	0.0	1	64.0	62.0	N/A
OKC	1	1	0.0	0.0	0	0.0	0.0	0	0.0	0.0	N/A
OKC	2	5	0.0	11.0	1	24.0	23.0	1	101.0	101.0	N/A
OKC	3	2	0.0	0.0	1	35.0	19.0	1	188.0	169.0	N/A
OKC	4	1	0.0	0.0	0	0.0	0.0	0	0.0	0.0	N/A
OKC	5	3	9.0	0.0	0	0.0	0.0	1	342.0	350.0	N/A
OKC	6	4	0.0	7.0	0	0.0	0.0	0	0.0	0.0	N/A
OKC	7	2	0.0	0.0	0	0.0	0.0	0	0.0	0.0	N/A
OKC	8	3	3.0	13.0	0	0.0	0.0	1	173.0	166.0	N/A
OKC	9	3	0.0	0.0	0	0.0	0.0	0	0.0	0.0	N/A
OKC	10	1	0.0	0.0	1	37.0	37.0	0	0.0	0.0	N/A
OKC	11	3	0.0	11.0	0	0.0	0.0	1	81.0	69.0	N/A
OKC	12	4	7.0	1.0	0	0.0	0.0	0	0.0	0.0	N/A
OMA	1	1	11.0	0.0	0	0.0	0.0	0	0.0	0.0	N/A
OMA	2	2	0.0	0.0	0	0.0	0.0	0	0.0	0.0	N/A
OMA	3	4	3.0	23.0	0	0.0	0.0	0	0.0	0.0	N/A
OMA	4	3	4.0	1.0	0	0.0	0.0	0	0.0	0.0	N/A
OMA	5	1	6.0	41.0	0	0.0	0.0	2	227.5	223.5	N/A
OMA	6	1	0.0	7.0	0	0.0	0.0	0	0.0	0.0	N/A
OMA	7	3	1.0	33.0	0	0.0	0.0	0	0.0	0.0	N/A
OMA	8	3	3.6666666666666665	29.0	0	0.0	0.0	0	0.0	0.0	N/A
OMA	9	1	0.0	0.0	0	0.0	0.0	0	0.0	0.0	N/A
OMA	10	2	7.0	0.0	1	33.0	50.0	0	0.0	0.0	N/A
OMA	11	1	0.0	0.0	2	25.5	22.5	0	0.0	0.0	N/A
OMA	12	2	2.0	0.0	0	0.0	0.0	1	91.0	76.0	N/A
ONT	2	0	0.0	0.0	0	0.0	0.0	1	185.0	178.0	N/A
ONT	3	2	6.0	5.0	0	0.0	0.0	0	0.0	0.0	N/A
ONT	4	3	0.0	8.0	0	0.0	0.0	0	0.0	0.0	N/A
ONT	5	4	0.0	6.0	2	27.5	16.5	0	0.0	0.0	N/A
ONT	6	3	0.0	0.0	0	0.0	0.0	0	0.0	0.0	N/A
ONT	7	2	14.0	0.0	2	21.5	30.0	0	0.0	0.0	N/A
ONT	8	1	0.0	0.0	0	0.0	0.0	0	0.0	0.0	N/A
ONT	9	3	0.0	0.0	0	0.0	0.0	0	0.0	0.0	N/A
ONT	10	1	0.0	0.0	1	32.0	30.0	0	0.0	0.0	N/A
ONT	11	2	0.0	0.0	0	0.0	0.0	0	0.0	0.0	N/A
ONT	12	0	0.0	0.0	1	18.0	6.0	0	0.0	0.0	N/A
ORD	1	20	4.0	22.0	5	44.4	31.8	4	107.0	107.0	N/A
ORD	2	14	14.0	5.0	0	0.0	0.0	2	73.5	69.0	N/A
ORD	3	26	4.666666666666667	6.333333333333333	4	29.75	34.333333333333336	2	76.5	51.5	N/A
ORD	4	24	8.714285714285714	8.75	1	39.0	41.0	3	124.33333333333333	116.66666666666667	N/A
ORD	5	21	5.2	9.0	3	34.333333333333336	36.666666666666664	2	106.0	94.5	N/A
ORD	6	24	5.666666666666667	3.0	7	36.142857142857146	32.57142857142857	6	88.66666666666667	89.33333333333333	N/A
ORD	7	12	7.6	23.75	5	24.2	26.0	9	100.11111111111111	102.55555555555556	N/A
ORD	8	32	6.625	18.375	6	31.5	25.5	6	161.83333333333334	149.66666666666666	N/A
ORD	9	38	6.0	13.333333333333334	3	23.0	9.666666666666666	2	101.0	98.5	N/A
ORD	10	36	8.5	13.333333333333334	5	29.0	27.0	3	100.66666666666667	88.66666666666667	N/A
ORD	11	24	4.0	14.666666666666666	2	26.5	32.0	2	95.0	90.0	N/A
ORD	12	24	7.75	14.5	6	35.666666666666664	36.0	4	97.0	93.0	N/A
ORF	1	0	0.0	0.0	0	0.0	0.0	1	80.0	72.0	N/A
ORF	3	5	0.0	0.0	0	0.0	0.0	0	0.0	0.0	N/A
ORF	4	2	0.0	0.0	0	0.0	0.0	0	0.0	0.0	N/A
ORF	5	2	0.0	1.0	0	0.0	0.0	0	0.0	0.0	N/A
ORF	6	3	0.0	1.0	2	29.5	25.5	0	0.0	0.0	N/A
ORF	7	1	0.0	0.0	0	0.0	0.0	0	0.0	0.0	N/A
ORF	8	2	10.0	3.0	0	0.0	0.0	0	0.0	0.0	N/A
ORF	9	1	0.0	0.0	3	31.0	26.0	0	0.0	0.0	N/A
ORF	10	3	0.0	9.5	1	36.0	26.0	0	0.0	0.0	N/A
ORF	11	2	0.0	0.0	0	0.0	0.0	0	0.0	0.0	N/A
ORF	12	5	11.0	13.0	1	28.0	55.0	1	93.0	85.0	N/A
ORH	11	1	0.0	1.0	0	0.0	0.0	0	0.0	0.0	N/A
PAE	7	1	0.0	0.0	0	0.0	0.0	0	0.0	0.0	N/A
PBG	9	1	7.0	21.0	0	0.0	0.0	0	0.0	0.0	N/A
PBI	1	1	9.0	0.0	1	59.0	63.0	0	0.0	0.0	N/A
PBI	2	3	14.0	0.0	0	0.0	0.0	0	0.0	0.0	N/A
PBI	3	5	0.0	0.0	3	28.666666666666668	34.666666666666664	1	222.0	208.0	N/A
PBI	4	3	5.0	5.0	0	0.0	0.0	1	156.0	158.0	N/A
PBI	5	2	0.0	0.0	1	15.0	18.0	0	0.0	0.0	N/A
PBI	6	2	2.0	3.0	0	0.0	0.0	0	0.0	0.0	N/A
PBI	7	1	0.0	0.0	0	0.0	0.0	0	0.0	0.0	N/A
PBI	8	1	0.0	0.0	1	43.0	41.0	0	0.0	0.0	N/A
PBI	9	3	3.0	4.0	0	0.0	0.0	1	88.0	71.0	N/A
PBI	10	3	0.0	0.0	0	0.0	0.0	0	0.0	0.0	N/A
PBI	11	3	0.0	4.0	0	0.0	0.0	0	0.0	0.0	N/A
PBI	12	3	0.0	5.0	0	0.0	0.0	0	0.0	0.0	N/A
PDX	1	5	0.0	1.0	1	29.0	5.0	1	346.0	420.0	N/A
PDX	2	8	5.0	14.5	0	0.0	0.0	0	0.0	0.0	N/A
PDX	3	2	7.0	22.0	1	33.0	95.0	1	65.0	58.0	N/A
PDX	4	8	0.0	8.0	1	59.0	49.0	1	111.0	114.0	N/A
PDX	5	10	6.5	4.5	1	29.0	34.0	0	0.0	0.0	N/A
PDX	6	7	0.0	0.0	1	15.0	2.0	0	0.0	0.0	N/A
PDX	7	5	9.0	16.0	2	25.0	27.5	0	0.0	0.0	N/A
PDX	8	6	4.666666666666667	8.0	2	38.5	49.5	0	0.0	0.0	N/A
PDX	9	5	0.0	13.0	0	0.0	0.0	0	0.0	0.0	N/A
PDX	10	5	0.0	0.0	0	0.0	0.0	0	0.0	0.0	N/A
PDX	11	9	1.0	5.5	1	19.0	1.0	2	98.5	128.0	N/A
PDX	12	7	6.0	3.5	0	0.0	0.0	0	0.0	0.0	N/A
PGD	1	1	0.0	0.0	0	0.0	0.0	0	0.0	0.0	N/A
PGD	3	0	0.0	0.0	0	0.0	0.0	1	63.0	73.0	N/A
PGD	4	1	0.0	0.0	0	0.0	0.0	0	0.0	0.0	N/A
PGD	6	1	0.0	0.0	0	0.0	0.0	0	0.0	0.0	N/A
PGD	9	1	0.0	0.0	0	0.0	0.0	0	0.0	0.0	N/A
PGD	10	1	0.0	0.0	0	0.0	0.0	0	0.0	0.0	N/A
PGD	11	2	0.0	5.0	0	0.0	0.0	0	0.0	0.0	N/A
PGD	12	0	0.0	0.0	0	0.0	0.0	1	72.0	53.0	N/A
PHL	1	10	1.0	22.5	0	0.0	0.0	0	0.0	0.0	N/A
PHL	2	8	12.0	21.0	0	0.0	0.0	0	0.0	0.0	N/A
PHL	3	6	5.0	5.0	3	31.666666666666668	15.5	0	0.0	0.0	N/A
PHL	4	4	0.0	0.0	1	18.0	0.0	0	0.0	0.0	N/A
PHL	5	10	9.666666666666666	22.5	1	20.0	46.0	1	132.0	117.0	N/A
PHL	6	4	0.0	4.0	1	16.0	7.0	3	117.66666666666667	97.0	N/A
PHL	7	9	0.0	9.0	2	27.5	10.0	2	143.0	139.0	N/A
PHL	8	13	7.666666666666667	5.428571428571429	5	42.8	24.4	2	122.5	135.0	N/A
PHL	9	10	5.5	14.0	0	0.0	0.0	0	0.0	0.0	N/A
PHL	10	16	5.0	0.0	0	0.0	0.0	0	0.0	0.0	N/A
PHL	11	4	8.0	2.0	0	0.0	0.0	0	0.0	0.0	N/A
PHL	12	5	5.666666666666667	18.5	2	33.0	56.0	2	110.0	88.5	N/A
PHX	1	14	6.4	8.5	3	31.666666666666668	19.333333333333332	1	96.0	82.0	N/A
PHX	2	25	7.7272727272727275	12.4	7	25.142857142857142	17.428571428571427	3	123.33333333333333	133.66666666666666	N/A
PHX	3	15	3.8	14.0	5	24.2	18.6	0	0.0	0.0	N/A
PHX	4	19	3.4	5.75	5	21.2	14.25	3	145.66666666666666	133.33333333333334	N/A
PHX	5	20	6.428571428571429	8.4	6	28.333333333333332	19.666666666666668	1	198.0	171.0	N/A
PHX	6	19	5.333333333333333	18.0	1	26.0	7.0	5	169.8	158.0	N/A
PHX	7	12	10.0	22.0	3	35.333333333333336	41.0	1	77.0	71.0	N/A
PHX	8	22	5.857142857142857	13.0	3	30.666666666666668	14.0	0	0.0	0.0	N/A
PHX	9	14	5.5	6.0	5	32.4	27.75	0	0.0	0.0	N/A
PHX	10	28	6.333333333333333	13.666666666666666	2	32.5	27.5	1	65.0	56.0	N/A
PHX	11	16	4.2	2.5	1	18.0	8.0	0	0.0	0.0	N/A
PHX	12	22	3.857142857142857	8.0	5	42.2	38.0	1	79.0	60.0	N/A
PIA	7	0	0.0	0.0	1	22.0	16.0	0	0.0	0.0	N/A
PIA	12	1	0.0	0.0	0	0.0	0.0	0	0.0	0.0	N/A
PIE	1	1	0.0	0.0	0	0.0	0.0	0	0.0	0.0	N/A
PIE	3	2	0.0	2.5	0	0.0	0.0	1	147.0	136.0	N/A
PIE	4	1	0.0	0.0	0	0.0	0.0	0	0.0	0.0	N/A
PIE	10	1	0.0	0.0	0	0.0	0.0	0	0.0	0.0	N/A
PIE	11	3	0.0	16.0	0	0.0	0.0	0	0.0	0.0	N/A
PIE	12	1	0.0	12.0	1	34.0	49.0	0	0.0	0.0	N/A
PIH	1	2	0.0	1.0	0	0.0	0.0	0	0.0	0.0	N/A
PIH	2	1	0.0	0.0	0	0.0	0.0	0	0.0	0.0	N/A
PIT	1	4	7.0	13.0	1	28.0	36.0	1	132.0	88.0	N/A
PIT	2	6	10.0	1.0	1	30.0	12.0	1	79.0	84.0	N/A
PIT	3	11	6.5	8.0	0	0.0	0.0	2	82.5	66.5	N/A
PIT	4	5	0.0	0.0	0	0.0	0.0	0	0.0	0.0	N/A
PIT	5	3	4.0	3.0	0	0.0	0.0	0	0.0	0.0	N/A
PIT	6	1	0.0	0.0	0	0.0	0.0	0	0.0	0.0	N/A
PIT	7	1	13.0	0.0	2	32.5	19.5	5	181.0	169.8	N/A
PIT	8	4	5.5	15.0	1	16.0	2.0	3	212.33333333333334	220.0	N/A
PIT	9	2	0.0	0.0	1	18.0	2.0	0	0.0	0.0	N/A
PIT	10	4	3.0	0.0	1	27.0	0.0	0	0.0	0.0	N/A
PIT	11	3	6.333333333333333	7.0	0	0.0	0.0	1	117.0	106.0	N/A
PIT	12	5	3.0	19.0	0	0.0	0.0	0	0.0	0.0	N/A
PLN	4	1	0.0	22.0	0	0.0	0.0	0	0.0	0.0	N/A
PNS	2	1	0.0	0.0	0	0.0	0.0	0	0.0	0.0	N/A
PNS	3	1	0.0	0.0	0	0.0	0.0	0	0.0	0.0	N/A
PNS	5	4	0.0	6.0	0	0.0	0.0	0	0.0	0.0	N/A
PNS	6	0	0.0	0.0	0	0.0	0.0	1	86.0	72.0	N/A
PNS	7	2	0.0	0.0	0	0.0	0.0	0	0.0	0.0	N/A
PNS	8	2	0.0	0.0	0	0.0	0.0	0	0.0	0.0	N/A
PNS	9	1	0.0	0.0	0	0.0	0.0	0	0.0	0.0	N/A
PNS	10	2	4.0	17.0	0	0.0	0.0	0	0.0	0.0	N/A
PNS	12	1	0.0	0.0	0	0.0	0.0	0	0.0	0.0	N/A
PSC	6	1	0.0	0.0	0	0.0	0.0	0	0.0	0.0	N/A
PSC	10	1	0.0	0.0	0	0.0	0.0	0	0.0	0.0	N/A
PSC	11	0	0.0	0.0	1	27.0	8.0	0	0.0	0.0	N/A
PSE	1	0	0.0	0.0	0	0.0	0.0	2	146.5	145.5	N/A
PSE	2	1	0.0	0.0	0	0.0	0.0	0	0.0	0.0	N/A
PSG	6	1	2.0	7.0	0	0.0	0.0	0	0.0	0.0	N/A
PSM	4	0	0.0	0.0	1	20.0	47.0	0	0.0	0.0	N/A
PSP	1	2	0.0	0.0	1	44.0	23.0	0	0.0	0.0	N/A
PSP	3	3	0.0	0.0	0	0.0	0.0	3	368.0	367.0	N/A
PSP	4	1	0.0	0.0	0	0.0	0.0	0	0.0	0.0	N/A
PSP	5	2	0.0	2.0	0	0.0	0.0	0	0.0	0.0	N/A
PSP	7	2	4.0	0.0	0	0.0	0.0	0	0.0	0.0	N/A
PSP	8	1	0.0	0.0	0	0.0	0.0	0	0.0	0.0	N/A
PSP	10	2	0.0	0.0	0	0.0	0.0	0	0.0	0.0	N/A
PSP	11	3	0.0	0.0	0	0.0	0.0	0	0.0	0.0	N/A
PSP	12	1	0.0	53.0	0	0.0	0.0	0	0.0	0.0	N/A
PVD	1	1	2.0	0.0	0	0.0	0.0	0	0.0	0.0	N/A
PVD	2	1	0.0	0.0	0	0.0	0.0	0	0.0	0.0	N/A
PVD	4	1	0.0	0.0	0	0.0	0.0	0	0.0	0.0	N/A
PVD	5	0	0.0	0.0	1	19.0	23.0	0	0.0	0.0	N/A
PVD	6	1	0.0	0.0	0	0.0	0.0	1	279.0	278.0	N/A
PVD	8	1	10.0	0.0	0	0.0	0.0	1	76.0	79.0	N/A
PVD	9	1	0.0	0.0	0	0.0	0.0	0	0.0	0.0	N/A
PVD	10	3	0.0	0.0	0	0.0	0.0	0	0.0	0.0	N/A
PVD	11	1	10.0	9.0	0	0.0	0.0	1	239.0	219.0	N/A
PVD	12	2	3.0	0.0	0	0.0	0.0	0	0.0	0.0	N/A
PVU	7	0	0.0	0.0	1	48.0	46.0	0	0.0	0.0	N/A
PVU	8	1	0.0	0.0	0	0.0	0.0	0	0.0	0.0	N/A
PWM	1	1	11.0	4.0	0	0.0	0.0	0	0.0	0.0	N/A
PWM	3	0	0.0	0.0	0	0.0	0.0	1	85.0	107.0	N/A
PWM	4	1	0.0	0.0	0	0.0	0.0	0	0.0	0.0	N/A
PWM	5	1	7.0	0.0	0	0.0	0.0	0	0.0	0.0	N/A
PWM	7	2	0.0	0.0	0	0.0	0.0	0	0.0	0.0	N/A
PWM	8	4	10.0	0.0	0	0.0	0.0	0	0.0	0.0	N/A
PWM	9	1	0.0	0.0	0	0.0	0.0	0	0.0	0.0	N/A
PWM	10	1	0.0	0.0	0	0.0	0.0	1	95.0	80.0	N/A
PWM	11	1	0.0	0.0	0	0.0	0.0	0	0.0	0.0	N/A
RAP	2	1	0.0	0.0	0	0.0	0.0	0	0.0	0.0	N/A
RAP	4	0	0.0	0.0	0	0.0	0.0	1	197.0	215.0	N/A
RAP	7	1	0.0	0.0	0	0.0	0.0	0	0.0	0.0	N/A
RAP	8	1	12.0	4.0	0	0.0	0.0	0	0.0	0.0	N/A
RAP	9	2	0.0	0.0	0	0.0	0.0	1	68.0	49.0	N/A
RAP	10	2	0.0	0.0	0	0.0	0.0	0	0.0	0.0	N/A
RDD	1	2	10.0	0.0	0	0.0	0.0	0	0.0	0.0	N/A
RDD	4	1	0.0	0.0	0	0.0	0.0	0	0.0	0.0	N/A
RDD	7	1	0.0	0.0	0	0.0	0.0	0	0.0	0.0	N/A
RDD	10	1	0.0	0.0	0	0.0	0.0	0	0.0	0.0	N/A
RDD	11	2	0.0	8.0	0	0.0	0.0	0	0.0	0.0	N/A
RDM	1	2	0.0	0.0	0	0.0	0.0	0	0.0	0.0	N/A
RDM	2	1	0.0	0.0	0	0.0	0.0	0	0.0	0.0	N/A
RDM	4	2	0.0	6.0	0	0.0	0.0	0	0.0	0.0	N/A
RDM	7	1	0.0	0.0	0	0.0	0.0	0	0.0	0.0	N/A
RDM	8	1	0.0	4.0	0	0.0	0.0	0	0.0	0.0	N/A
RDM	9	1	3.0	3.0	0	0.0	0.0	0	0.0	0.0	N/A
RDM	10	2	14.0	14.0	0	0.0	0.0	0	0.0	0.0	N/A
RDM	11	1	0.0	0.0	0	0.0	0.0	0	0.0	0.0	N/A
RDM	12	1	0.0	0.0	0	0.0	0.0	0	0.0	0.0	N/A
RDU	1	5	8.0	0.0	1	42.0	36.0	2	105.5	93.5	N/A
RDU	2	5	3.0	20.0	0	0.0	0.0	0	0.0	0.0	N/A
RDU	3	3	0.0	0.0	0	0.0	0.0	0	0.0	0.0	N/A
RDU	4	3	0.0	24.0	4	30.0	37.0	0	0.0	0.0	N/A
RDU	5	4	4.0	0.0	0	0.0	0.0	1	65.0	50.0	N/A
RDU	6	4	6.5	8.0	1	56.0	43.0	2	99.5	83.0	N/A
RDU	7	7	0.0	26.0	2	31.5	52.0	0	0.0	0.0	N/A
RDU	8	7	0.0	0.0	0	0.0	0.0	1	94.0	93.0	N/A
RDU	9	4	0.0	0.0	2	35.5	27.0	0	0.0	0.0	N/A
RDU	10	12	2.0	14.0	0	0.0	0.0	0	0.0	0.0	N/A
RDU	11	7	0.0	0.0	2	41.0	52.5	0	0.0	0.0	N/A
RDU	12	4	8.0	0.0	0	0.0	0.0	2	176.5	165.5	N/A
RFD	11	1	0.0	0.0	0	0.0	0.0	0	0.0	0.0	N/A
RIC	1	1	0.0	0.0	0	0.0	0.0	0	0.0	0.0	N/A
RIC	2	1	0.0	0.0	0	0.0	0.0	0	0.0	0.0	N/A
RIC	3	2	0.0	22.0	0	0.0	0.0	0	0.0	0.0	N/A
RIC	4	3	0.0	0.0	1	23.0	29.0	0	0.0	0.0	N/A
RIC	5	2	0.0	9.0	0	0.0	0.0	1	154.0	141.0	N/A
RIC	6	3	4.0	6.0	0	0.0	0.0	0	0.0	0.0	N/A
RIC	7	2	3.0	0.0	0	0.0	0.0	0	0.0	0.0	N/A
RIC	8	1	0.0	4.0	0	0.0	0.0	0	0.0	0.0	N/A
RIC	9	2	0.0	45.0	0	0.0	0.0	0	0.0	0.0	N/A
RIC	10	4	0.0	3.0	0	0.0	0.0	0	0.0	0.0	N/A
RIC	12	2	1.0	7.0	1	42.0	48.0	0	0.0	0.0	N/A
RIW	6	1	0.0	0.0	0	0.0	0.0	0	0.0	0.0	N/A
RIW	12	1	0.0	0.0	0	0.0	0.0	0	0.0	0.0	N/A
RKS	8	1	0.0	0.0	0	0.0	0.0	0	0.0	0.0	N/A
RNO	1	1	0.0	0.0	0	0.0	0.0	0	0.0	0.0	N/A
RNO	2	3	2.0	16.0	0	0.0	0.0	0	0.0	0.0	N/A
RNO	3	2	0.0	0.0	0	0.0	0.0	1	101.0	129.0	N/A
RNO	4	0	0.0	0.0	1	17.0	20.0	0	0.0	0.0	N/A
RNO	5	2	7.0	5.0	2	27.5	20.5	1	202.0	190.0	N/A
RNO	6	3	4.0	2.0	1	32.0	23.0	0	0.0	0.0	N/A
RNO	7	3	0.0	11.0	1	24.0	8.0	0	0.0	0.0	N/A
RNO	8	5	0.0	0.0	0	0.0	0.0	1	388.0	363.0	N/A
RNO	9	2	10.0	3.5	0	0.0	0.0	1	69.0	58.0	N/A
RNO	10	2	0.0	0.0	0	0.0	0.0	0	0.0	0.0	N/A
RNO	11	5	1.0	16.0	0	0.0	0.0	0	0.0	0.0	N/A
RNO	12	4	0.0	0.0	0	0.0	0.0	0	0.0	0.0	N/A
ROA	2	1	0.0	6.0	0	0.0	0.0	0	0.0	0.0	N/A
ROA	6	1	0.0	0.0	0	0.0	0.0	0	0.0	0.0	N/A
ROA	7	0	0.0	0.0	0	0.0	0.0	1	128.0	108.0	N/A
ROA	8	1	1.0	0.0	0	0.0	0.0	0	0.0	0.0	N/A
ROA	9	2	0.0	0.0	0	0.0	0.0	0	0.0	0.0	N/A
ROA	10	0	0.0	0.0	1	35.0	30.0	0	0.0	0.0	N/A
ROC	3	1	0.0	0.0	0	0.0	0.0	0	0.0	0.0	N/A
ROC	4	5	0.0	0.0	0	0.0	0.0	0	0.0	0.0	N/A
ROC	5	3	12.0	11.0	0	0.0	0.0	0	0.0	0.0	N/A
ROC	6	2	0.0	0.0	0	0.0	0.0	0	0.0	0.0	N/A
ROC	7	1	0.0	3.0	1	31.0	12.0	0	0.0	0.0	N/A
ROC	8	1	0.0	0.0	0	0.0	0.0	1	101.0	87.0	N/A
ROC	10	0	0.0	0.0	1	20.0	7.0	0	0.0	0.0	N/A
ROC	11	1	0.0	0.0	0	0.0	0.0	0	0.0	0.0	N/A
ROW	7	1	0.0	28.0	0	0.0	0.0	0	0.0	0.0	N/A
RST	8	2	0.0	0.0	0	0.0	0.0	0	0.0	0.0	N/A
RSW	1	4	1.0	0.0	0	0.0	0.0	0	0.0	0.0	N/A
RSW	2	9	1.0	11.0	0	0.0	0.0	0	0.0	0.0	N/A
RSW	3	8	11.0	1.0	0	0.0	0.0	2	104.0	85.5	N/A
RSW	4	3	4.0	2.0	1	46.0	14.0	1	87.0	84.0	N/A
RSW	5	3	10.0	7.0	0	0.0	0.0	1	136.0	137.0	N/A
RSW	6	4	0.0	0.0	0	0.0	0.0	0	0.0	0.0	N/A
RSW	7	1	0.0	0.0	1	42.0	23.0	0	0.0	0.0	N/A
RSW	8	4	13.0	6.0	0	0.0	0.0	0	0.0	0.0	N/A
RSW	9	2	5.0	7.0	0	0.0	0.0	0	0.0	0.0	N/A
RSW	10	4	9.0	0.0	2	36.0	41.5	0	0.0	0.0	N/A
RSW	11	5	4.5	9.0	0	0.0	0.0	0	0.0	0.0	N/A
RSW	12	2	0.0	0.0	0	0.0	0.0	4	171.0	167.75	N/A
SAF	12	0	0.0	0.0	1	31.0	34.0	0	0.0	0.0	N/A
SAN	1	12	7.5	18.0	3	35.333333333333336	43.0	1	80.0	72.0	N/A
SAN	2	4	3.0	0.0	1	32.0	30.0	0	0.0	0.0	N/A
SAN	3	12	7.5	36.0	1	16.0	7.0	0	0.0	0.0	N/A
SAN	4	6	0.0	12.0	0	0.0	0.0	0	0.0	0.0	N/A
SAN	5	18	5.0	17.333333333333332	0	0.0	0.0	1	113.0	83.0	N/A
SAN	6	14	2.6666666666666665	10.5	1	56.0	44.0	1	103.0	88.0	N/A
SAN	7	10	3.0	5.0	4	28.75	39.0	2	87.0	84.0	N/A
SAN	8	6	13.0	11.5	1	39.0	25.0	1	64.0	72.0	N/A
SAN	9	13	6.0	7.333333333333333	2	35.5	30.0	1	95.0	83.0	N/A
SAN	10	6	4.0	11.0	2	33.0	42.0	0	0.0	0.0	N/A
SAN	11	12	1.0	5.5	2	26.5	12.5	1	82.0	73.0	N/A
SAN	12	4	1.0	9.0	0	0.0	0.0	0	0.0	0.0	N/A
SAT	1	2	0.0	5.5	0	0.0	0.0	0	0.0	0.0	N/A
SAT	2	2	11.0	0.0	0	0.0	0.0	0	0.0	0.0	N/A
SAT	3	3	0.0	0.0	0	0.0	0.0	0	0.0	0.0	N/A
SAT	4	7	3.0	1.0	1	38.0	36.0	0	0.0	0.0	N/A
SAT	5	3	3.5	7.0	1	15.0	4.0	0	0.0	0.0	N/A
SAT	6	7	8.0	18.5	0	0.0	0.0	1	81.0	70.0	N/A
SAT	7	3	0.0	0.0	3	24.0	32.333333333333336	0	0.0	0.0	N/A
SAT	8	4	0.0	0.0	0	0.0	0.0	0	0.0	0.0	N/A
SAT	9	6	0.0	0.0	2	26.5	23.0	1	68.0	48.0	N/A
SAT	10	5	5.5	1.0	0	0.0	0.0	0	0.0	0.0	N/A
SAT	11	3	0.0	0.0	0	0.0	0.0	0	0.0	0.0	N/A
SAT	12	2	4.0	0.0	0	0.0	0.0	0	0.0	0.0	N/A
SAV	1	2	0.0	0.0	0	0.0	0.0	0	0.0	0.0	N/A
SAV	2	4	0.0	0.0	0	0.0	0.0	0	0.0	0.0	N/A
SAV	4	1	3.0	6.0	0	0.0	0.0	0	0.0	0.0	N/A
SAV	5	2	1.0	54.0	1	60.0	52.0	2	97.0	91.5	N/A
SAV	6	1	0.0	0.0	0	0.0	0.0	0	0.0	0.0	N/A
SAV	7	0	0.0	0.0	0	0.0	0.0	1	92.0	92.0	N/A
SAV	8	1	0.0	0.0	0	0.0	0.0	0	0.0	0.0	N/A
SAV	9	1	0.0	0.0	0	0.0	0.0	0	0.0	0.0	N/A
SAV	10	5	0.0	0.0	0	0.0	0.0	0	0.0	0.0	N/A
SAV	11	3	1.0	1.0	1	39.0	31.0	0	0.0	0.0	N/A
SAV	12	4	6.0	6.0	1	18.0	0.0	0	0.0	0.0	N/A
SBA	1	1	0.0	0.0	0	0.0	0.0	0	0.0	0.0	N/A
SBA	2	2	0.0	0.0	0	0.0	0.0	1	147.0	180.0	N/A
SBA	5	1	0.0	11.0	0	0.0	0.0	0	0.0	0.0	N/A
SBA	8	1	0.0	0.0	0	0.0	0.0	0	0.0	0.0	N/A
SBA	9	2	8.0	0.0	0	0.0	0.0	0	0.0	0.0	N/A
SBA	11	1	0.0	0.0	0	0.0	0.0	0	0.0	0.0	N/A
SBA	12	1	0.0	0.0	0	0.0	0.0	0	0.0	0.0	N/A
SBN	3	1	0.0	0.0	0	0.0	0.0	0	0.0	0.0	N/A
SBN	9	0	0.0	0.0	1	56.0	55.0	0	0.0	0.0	N/A
SBN	10	2	7.0	0.0	0	0.0	0.0	0	0.0	0.0	N/A
SBN	11	2	0.0	28.0	0	0.0	0.0	0	0.0	0.0	N/A
SBN	12	1	4.0	0.0	0	0.0	0.0	0	0.0	0.0	N/A
SBP	4	1	0.0	0.0	0	0.0	0.0	0	0.0	0.0	N/A
SBP	5	1	0.0	1.0	0	0.0	0.0	0	0.0	0.0	N/A
SBP	9	2	0.0	0.0	0	0.0	0.0	0	0.0	0.0	N/A
SBP	10	1	0.0	0.0	0	0.0	0.0	0	0.0	0.0	N/A
SBP	11	1	0.0	0.0	0	0.0	0.0	0	0.0	0.0	N/A
SBP	12	1	0.0	0.0	0	0.0	0.0	0	0.0	0.0	N/A
SCE	7	1	0.0	0.0	0	0.0	0.0	0	0.0	0.0	N/A
SCK	4	0	0.0	0.0	0	0.0	0.0	1	100.0	105.0	N/A
SDF	1	1	0.0	0.0	0	0.0	0.0	1	406.0	397.0	N/A
SDF	2	2	0.0	0.0	0	0.0	0.0	0	0.0	0.0	N/A
SDF	3	3	6.0	0.0	1	20.0	9.0	0	0.0	0.0	N/A
SDF	4	3	7.0	15.0	0	0.0	0.0	0	0.0	0.0	N/A
SDF	5	0	0.0	0.0	0	0.0	0.0	1	143.0	134.0	N/A
SDF	6	4	8.0	0.0	0	0.0	0.0	2	1042.0	1034.5	N/A
SDF	7	4	0.0	3.0	0	0.0	0.0	0	0.0	0.0	N/A
SDF	8	3	1.0	42.0	0	0.0	0.0	0	0.0	0.0	N/A
SDF	9	2	0.0	3.0	0	0.0	0.0	1	68.0	91.0	N/A
SDF	10	2	0.0	1.0	0	0.0	0.0	0	0.0	0.0	N/A
SDF	11	4	4.0	1.0	0	0.0	0.0	0	0.0	0.0	N/A
SDF	12	2	0.0	0.0	0	0.0	0.0	1	161.0	162.0	N/A
SEA	1	8	4.0	40.0	2	31.0	24.5	2	137.5	140.0	N/A
SEA	2	13	6.0	13.4	0	0.0	0.0	0	0.0	0.0	N/A
SEA	3	13	6.5	5.5	1	22.0	21.0	0	0.0	0.0	N/A
SEA	4	12	4.75	13.25	4	32.25	23.666666666666668	0	0.0	0.0	N/A
SEA	5	13	8.333333333333334	7.666666666666667	2	25.5	18.5	1	202.0	217.0	N/A
SEA	6	19	7.5	17.75	4	28.5	22.0	1	63.0	40.0	N/A
SEA	7	19	3.8	4.5	10	28.5	22.6	0	0.0	0.0	N/A
SEA	8	16	7.4	8.875	2	34.5	33.0	1	63.0	54.0	N/A
SEA	9	14	3.3333333333333335	3.0	5	31.4	28.75	0	0.0	0.0	N/A
SEA	10	11	3.0	9.666666666666666	3	27.666666666666668	22.333333333333332	1	73.0	61.0	N/A
SEA	11	13	1.0	12.333333333333334	1	17.0	12.0	0	0.0	0.0	N/A
SEA	12	12	6.5	12.0	0	0.0	0.0	1	84.0	92.0	N/A
SFB	1	3	0.0	0.0	0	0.0	0.0	0	0.0	0.0	N/A
SFB	2	3	12.0	13.0	1	39.0	51.0	0	0.0	0.0	N/A
SFB	4	3	14.0	19.0	0	0.0	0.0	0	0.0	0.0	N/A
SFB	11	1	4.0	1.0	0	0.0	0.0	1	113.0	116.0	N/A
SFO	1	14	12.0	3.0	3	33.0	30.0	0	0.0	0.0	N/A
SFO	2	11	7.666666666666667	9.0	2	24.0	7.0	0	0.0	0.0	N/A
SFO	3	9	2.0	8.0	2	41.5	38.5	0	0.0	0.0	N/A
SFO	4	10	9.5	14.0	5	34.6	34.6	2	132.5	126.0	N/A
SFO	5	10	6.5	16.0	0	0.0	0.0	0	0.0	0.0	N/A
SFO	6	10	11.0	14.0	1	29.0	5.0	1	65.0	51.0	N/A
SFO	7	14	7.333333333333333	8.25	1	55.0	65.0	2	422.0	416.0	N/A
SFO	8	8	10.0	14.0	2	18.5	9.0	1	134.0	134.0	N/A
SFO	9	15	9.5	16.666666666666668	2	17.5	3.0	2	111.0	116.0	N/A
SFO	10	15	9.5	4.666666666666667	3	31.333333333333332	23.666666666666668	0	0.0	0.0	N/A
SFO	11	12	13.0	12.5	5	31.2	29.0	3	97.33333333333333	92.66666666666667	N/A
SFO	12	16	2.25	15.0	2	39.0	28.0	2	111.5	112.0	N/A
SGF	1	0	0.0	0.0	0	0.0	0.0	1	79.0	85.0	N/A
SGF	3	2	0.0	0.0	0	0.0	0.0	0	0.0	0.0	N/A
SGF	6	0	0.0	0.0	1	29.0	21.0	0	0.0	0.0	N/A
SGF	7	2	0.0	0.0	0	0.0	0.0	1	99.0	99.0	N/A
SGF	9	2	0.0	0.0	0	0.0	0.0	0	0.0	0.0	N/A
SGF	11	1	0.0	0.0	0	0.0	0.0	0	0.0	0.0	N/A
SGU	1	1	0.0	0.0	0	0.0	0.0	0	0.0	0.0	N/A
SGU	8	1	0.0	0.0	1	32.0	19.0	0	0.0	0.0	N/A
SGU	9	1	0.0	0.0	0	0.0	0.0	0	0.0	0.0	N/A
SGU	11	0	0.0	0.0	0	0.0	0.0	1	246.0	221.0	N/A
SGU	12	1	0.0	0.0	0	0.0	0.0	0	0.0	0.0	N/A
SHV	1	1	1.0	5.0	0	0.0	0.0	1	150.0	168.0	N/A
SHV	8	1	0.0	0.0	0	0.0	0.0	0	0.0	0.0	N/A
SHV	10	2	0.0	0.0	0	0.0	0.0	0	0.0	0.0	N/A
SHV	11	1	6.0	0.0	0	0.0	0.0	0	0.0	0.0	N/A
SIT	7	1	0.0	0.0	0	0.0	0.0	0	0.0	0.0	N/A
SJC	1	4	0.0	31.0	1	42.0	28.0	1	68.0	65.0	N/A
SJC	2	4	4.5	0.0	0	0.0	0.0	0	0.0	0.0	N/A
SJC	3	3	5.0	0.0	1	24.0	32.0	0	0.0	0.0	N/A
SJC	4	2	6.0	0.0	1	18.0	1.0	1	231.0	217.0	N/A
SJC	5	7	1.0	5.0	1	24.0	25.0	1	204.0	198.0	N/A
SJC	6	7	2.0	22.0	0	0.0	0.0	1	121.0	112.0	N/A
SJC	7	6	8.333333333333334	1.0	1	46.0	32.0	0	0.0	0.0	N/A
SJC	8	6	7.0	10.0	0	0.0	0.0	0	0.0	0.0	N/A
SJC	9	6	5.666666666666667	5.25	0	0.0	0.0	0	0.0	0.0	N/A
SJC	10	10	8.0	6.0	0	0.0	0.0	0	0.0	0.0	N/A
SJC	11	2	0.0	18.0	0	0.0	0.0	0	0.0	0.0	N/A
SJC	12	4	0.0	9.0	2	35.5	45.0	0	0.0	0.0	N/A
SJT	2	1	0.0	0.0	0	0.0	0.0	0	0.0	0.0	N/A
SJT	8	1	7.0	0.0	0	0.0	0.0	0	0.0	0.0	N/A
SJU	1	2	0.0	7.0	2	23.5	36.0	0	0.0	0.0	N/A
SJU	2	5	3.0	16.0	0	0.0	0.0	0	0.0	0.0	N/A
SJU	3	3	5.0	4.0	1	51.0	43.0	1	433.0	474.0	N/A
SJU	4	3	14.0	42.0	0	0.0	0.0	0	0.0	0.0	N/A
SJU	5	3	0.0	30.0	0	0.0	0.0	0	0.0	0.0	N/A
SJU	6	9	3.5	28.5	0	0.0	0.0	0	0.0	0.0	N/A
SJU	7	6	12.0	3.0	2	26.5	18.5	1	569.0	542.0	N/A
SJU	8	2	0.0	0.0	1	21.0	16.0	1	76.0	71.0	N/A
SJU	9	2	3.5	0.0	0	0.0	0.0	0	0.0	0.0	N/A
SJU	10	2	0.0	0.0	1	15.0	0.0	0	0.0	0.0	N/A
SJU	11	1	0.0	0.0	1	16.0	0.0	0	0.0	0.0	N/A
SJU	12	6	9.0	3.0	0	0.0	0.0	0	0.0	0.0	N/A
SLC	1	8	1.0	5.0	2	29.5	17.0	1	385.0	375.0	N/A
SLC	2	6	0.0	0.0	2	28.5	22.5	0	0.0	0.0	N/A
SLC	3	12	9.0	5.333333333333333	0	0.0	0.0	0	0.0	0.0	N/A
SLC	4	9	0.0	8.5	1	17.0	36.0	0	0.0	0.0	N/A
SLC	5	12	4.0	7.333333333333333	2	31.5	32.5	1	136.0	133.0	N/A
SLC	6	8	7.0	10.333333333333334	1	18.0	3.0	1	94.0	85.0	N/A
SLC	7	5	6.0	6.0	1	39.0	30.0	0	0.0	0.0	N/A
SLC	8	7	7.0	2.0	0	0.0	0.0	2	125.5	101.0	N/A
SLC	9	13	6.333333333333333	5.75	2	33.0	23.5	0	0.0	0.0	N/A
SLC	10	11	0.0	6.5	0	0.0	0.0	1	140.0	135.0	N/A
SLC	11	8	10.0	2.0	0	0.0	0.0	1	224.0	219.0	N/A
SLC	12	14	0.0	18.0	0	0.0	0.0	0	0.0	0.0	N/A
SLN	9	1	0.0	0.0	0	0.0	0.0	0	0.0	0.0	N/A
SMF	1	6	10.0	17.0	1	37.0	20.0	0	0.0	0.0	N/A
SMF	2	7	8.25	9.5	2	26.0	14.0	1	76.0	92.0	N/A
SMF	3	6	0.0	0.0	1	49.0	42.0	0	0.0	0.0	N/A
SMF	4	13	8.5	5.0	2	37.0	29.5	0	0.0	0.0	N/A
SMF	5	4	2.0	0.0	1	19.0	4.0	0	0.0	0.0	N/A
SMF	6	8	4.5	0.0	0	0.0	0.0	1	71.0	58.0	N/A
SMF	7	6	10.0	2.5	1	35.0	22.0	0	0.0	0.0	N/A
SMF	8	8	4.0	4.5	0	0.0	0.0	1	208.0	189.0	N/A
SMF	9	4	2.0	8.0	0	0.0	0.0	0	0.0	0.0	N/A
SMF	10	12	9.0	54.0	1	26.0	36.0	0	0.0	0.0	N/A
SMF	11	8	9.666666666666666	14.0	0	0.0	0.0	0	0.0	0.0	N/A
SMF	12	3	0.0	1.0	0	0.0	0.0	1	111.0	118.0	N/A
SNA	1	2	0.0	0.0	0	0.0	0.0	0	0.0	0.0	N/A
SNA	2	2	0.0	0.0	0	0.0	0.0	1	297.0	283.0	N/A
SNA	3	2	0.0	9.0	0	0.0	0.0	0	0.0	0.0	N/A
SNA	4	2	0.0	0.0	0	0.0	0.0	0	0.0	0.0	N/A
SNA	5	1	0.0	0.0	1	22.0	10.0	0	0.0	0.0	N/A
SNA	6	3	0.0	0.0	1	24.0	25.0	3	119.0	97.0	N/A
SNA	7	5	0.0	0.0	0	0.0	0.0	1	71.0	74.0	N/A
SNA	8	3	5.0	16.0	1	60.0	49.0	0	0.0	0.0	N/A
SNA	9	2	9.0	0.0	0	0.0	0.0	0	0.0	0.0	N/A
SNA	10	6	1.5	0.0	1	32.0	29.0	1	88.0	74.0	N/A
SNA	11	3	0.0	0.0	1	17.0	5.0	0	0.0	0.0	N/A
SNA	12	5	10.0	13.0	0	0.0	0.0	1	343.0	337.0	N/A
SPI	12	1	3.0	19.0	0	0.0	0.0	0	0.0	0.0	N/A
SPS	4	1	0.0	0.0	0	0.0	0.0	0	0.0	0.0	N/A
SRQ	2	1	0.0	0.0	0	0.0	0.0	1	81.0	76.0	N/A
SRQ	3	5	4.0	49.0	0	0.0	0.0	0	0.0	0.0	N/A
SRQ	4	5	4.5	6.0	1	53.0	49.0	0	0.0	0.0	N/A
SRQ	5	2	2.0	0.0	0	0.0	0.0	0	0.0	0.0	N/A
SRQ	6	1	0.0	0.0	1	30.0	22.0	0	0.0	0.0	N/A
SRQ	7	1	1.0	5.0	0	0.0	0.0	0	0.0	0.0	N/A
SRQ	8	2	0.0	0.0	0	0.0	0.0	1	129.0	173.0	N/A
SRQ	9	1	0.0	0.0	0	0.0	0.0	0	0.0	0.0	N/A
SRQ	10	1	0.0	0.0	0	0.0	0.0	0	0.0	0.0	N/A
SRQ	11	2	2.0	26.0	0	0.0	0.0	0	0.0	0.0	N/A
SRQ	12	3	12.0	21.0	1	31.0	25.0	1	75.0	119.0	N/A
STL	1	3	0.0	0.0	1	25.0	9.0	0	0.0	0.0	N/A
STL	2	4	14.0	22.0	1	21.0	18.0	0	0.0	0.0	N/A
STL	3	2	0.0	0.0	0	0.0	0.0	1	135.0	130.0	N/A
STL	4	4	6.5	3.5	0	0.0	0.0	0	0.0	0.0	N/A
STL	5	5	0.0	9.0	0	0.0	0.0	1	186.0	197.0	N/A
STL	6	5	1.0	0.0	2	25.0	28.5	0	0.0	0.0	N/A
STL	7	6	11.0	9.5	3	33.0	43.0	1	173.0	157.0	N/A
STL	8	8	5.0	2.0	1	22.0	23.0	0	0.0	0.0	N/A
STL	9	7	8.666666666666666	8.0	0	0.0	0.0	0	0.0	0.0	N/A
STL	10	4	0.0	0.0	0	0.0	0.0	1	150.0	141.0	N/A
STL	11	13	7.5	5.5	1	34.0	43.0	0	0.0	0.0	N/A
STL	12	5	3.5	12.0	0	0.0	0.0	0	0.0	0.0	N/A
STS	1	1	0.0	0.0	0	0.0	0.0	0	0.0	0.0	N/A
STS	3	1	0.0	0.0	1	49.0	43.0	0	0.0	0.0	N/A
STT	1	1	0.0	0.0	1	21.0	39.0	0	0.0	0.0	N/A
STT	3	3	0.0	0.0	0	0.0	0.0	0	0.0	0.0	N/A
STT	4	2	0.0	0.0	0	0.0	0.0	0	0.0	0.0	N/A
STT	5	2	0.0	0.0	0	0.0	0.0	0	0.0	0.0	N/A
STT	6	0	0.0	0.0	0	0.0	0.0	1	96.0	75.0	N/A
SUN	2	1	0.0	0.0	0	0.0	0.0	0	0.0	0.0	N/A
SUN	5	1	0.0	0.0	0	0.0	0.0	0	0.0	0.0	N/A
SUN	12	1	0.0	0.0	0	0.0	0.0	0	0.0	0.0	N/A
SUX	4	1	0.0	0.0	0	0.0	0.0	0	0.0	0.0	N/A
SWO	9	1	0.0	0.0	0	0.0	0.0	0	0.0	0.0	N/A
SYR	1	3	0.0	9.0	0	0.0	0.0	0	0.0	0.0	N/A
SYR	2	2	0.0	0.0	0	0.0	0.0	0	0.0	0.0	N/A
SYR	3	1	9.0	4.0	1	21.0	33.0	0	0.0	0.0	N/A
SYR	4	2	0.0	0.0	0	0.0	0.0	0	0.0	0.0	N/A
SYR	5	1	0.0	0.0	0	0.0	0.0	0	0.0	0.0	N/A
SYR	6	1	0.0	0.0	0	0.0	0.0	0	0.0	0.0	N/A
SYR	8	4	0.0	2.0	0	0.0	0.0	0	0.0	0.0	N/A
SYR	9	2	4.0	1.0	1	20.0	69.0	1	64.0	106.0	N/A
SYR	10	3	0.0	0.0	0	0.0	0.0	0	0.0	0.0	N/A
SYR	11	2	0.0	4.0	1	22.0	4.0	0	0.0	0.0	N/A
SYR	12	2	0.0	0.0	0	0.0	0.0	0	0.0	0.0	N/A
TLH	1	1	0.0	0.0	0	0.0	0.0	0	0.0	0.0	N/A
TLH	3	1	0.0	0.0	0	0.0	0.0	0	0.0	0.0	N/A
TLH	5	1	0.0	0.0	0	0.0	0.0	0	0.0	0.0	N/A
TLH	6	0	0.0	0.0	0	0.0	0.0	1	146.0	194.0	N/A
TLH	7	1	0.0	0.0	0	0.0	0.0	0	0.0	0.0	N/A
TLH	9	1	0.0	0.0	0	0.0	0.0	0	0.0	0.0	N/A
TLH	10	2	0.0	0.0	0	0.0	0.0	0	0.0	0.0	N/A
TLH	11	2	9.0	14.0	0	0.0	0.0	0	0.0	0.0	N/A
TOL	9	0	0.0	0.0	1	57.0	42.0	0	0.0	0.0	N/A
TPA	1	13	11.0	14.0	0	0.0	0.0	3	134.66666666666666	121.0	N/A
TPA	2	7	2.0	3.0	0	0.0	0.0	0	0.0	0.0	N/A
TPA	3	7	4.666666666666667	1.0	2	40.0	71.0	0	0.0	0.0	N/A
TPA	4	9	6.333333333333333	6.5	0	0.0	0.0	0	0.0	0.0	N/A
TPA	5	8	0.0	8.0	2	56.5	53.5	2	112.5	101.0	N/A
TPA	6	7	7.0	11.25	2	38.5	27.5	0	0.0	0.0	N/A
TPA	7	9	5.5	11.333333333333334	5	24.2	19.0	1	268.0	271.0	N/A
TPA	8	6	4.0	0.0	1	18.0	5.0	0	0.0	0.0	N/A
TPA	9	7	10.5	24.0	0	0.0	0.0	0	0.0	0.0	N/A
TPA	10	8	7.666666666666667	9.0	0	0.0	0.0	0	0.0	0.0	N/A
TPA	11	10	9.0	2.0	0	0.0	0.0	1	290.0	277.0	N/A
TPA	12	9	8.0	13.333333333333334	1	59.0	48.0	0	0.0	0.0	N/A
TRI	3	1	0.0	0.0	0	0.0	0.0	0	0.0	0.0	N/A
TRI	7	1	0.0	0.0	0	0.0	0.0	1	268.0	257.0	N/A
TRI	8	1	0.0	0.0	0	0.0	0.0	0	0.0	0.0	N/A
TTN	1	0	0.0	0.0	1	57.0	39.0	0	0.0	0.0	N/A
TTN	2	0	0.0	0.0	1	20.0	11.0	0	0.0	0.0	N/A
TTN	3	1	0.0	0.0	0	0.0	0.0	0	0.0	0.0	N/A
TUL	1	0	0.0	0.0	2	43.0	79.5	0	0.0	0.0	N/A
TUL	3	1	0.0	0.0	0	0.0	0.0	0	0.0	0.0	N/A
TUL	4	1	0.0	0.0	0	0.0	0.0	0	0.0	0.0	N/A
TUL	5	2	0.0	0.0	0	0.0	0.0	0	0.0	0.0	N/A
TUL	7	4	0.0	0.0	1	17.0	23.0	0	0.0	0.0	N/A
TUL	8	2	9.0	17.0	0	0.0	0.0	0	0.0	0.0	N/A
TUL	10	5	0.0	7.0	0	0.0	0.0	0	0.0	0.0	N/A
TUL	11	2	7.0	0.0	2	17.5	9.5	0	0.0	0.0	N/A
TUS	2	3	0.0	4.0	0	0.0	0.0	0	0.0	0.0	N/A
TUS	3	2	0.0	1.0	0	0.0	0.0	0	0.0	0.0	N/A
TUS	4	1	0.0	0.0	0	0.0	0.0	0	0.0	0.0	N/A
TUS	5	1	0.0	0.0	0	0.0	0.0	0	0.0	0.0	N/A
TUS	6	1	0.0	0.0	0	0.0	0.0	0	0.0	0.0	N/A
TUS	7	1	0.0	0.0	0	0.0	0.0	0	0.0	0.0	N/A
TUS	8	1	0.0	0.0	1	21.0	16.0	0	0.0	0.0	N/A
TUS	9	1	0.0	0.0	0	0.0	0.0	0	0.0	0.0	N/A
TUS	10	2	0.0	0.0	0	0.0	0.0	0	0.0	0.0	N/A
TUS	11	2	0.0	6.0	1	45.0	28.0	1	122.0	129.0	N/A
TUS	12	3	0.0	17.5	1	27.0	12.0	0	0.0	0.0	N/A
TVC	8	0	0.0	0.0	1	34.0	32.0	0	0.0	0.0	N/A
TVC	9	1	0.0	0.0	0	0.0	0.0	0	0.0	0.0	N/A
TVC	10	1	0.0	0.0	0	0.0	0.0	0	0.0	0.0	N/A
TWF	4	1	0.0	0.0	0	0.0	0.0	0	0.0	0.0	N/A
TWF	11	1	0.0	17.0	0	0.0	0.0	0	0.0	0.0	N/A
TYR	4	1	0.0	23.0	0	0.0	0.0	0	0.0	0.0	N/A
TYR	6	0	0.0	0.0	0	0.0	0.0	1	181.0	173.0	N/A
TYR	7	1	0.0	3.0	0	0.0	0.0	0	0.0	0.0	N/A
TYS	1	0	0.0	0.0	0	0.0	0.0	1	63.0	85.0	N/A
TYS	3	1	0.0	0.0	1	18.0	0.0	1	65.0	49.0	N/A
TYS	4	2	0.0	0.0	0	0.0	0.0	0	0.0	0.0	N/A
TYS	5	1	0.0	0.0	0	0.0	0.0	0	0.0	0.0	N/A
TYS	7	3	9.0	72.0	1	35.0	27.0	0	0.0	0.0	N/A
TYS	8	2	0.0	0.0	0	0.0	0.0	0	0.0	0.0	N/A
TYS	9	2	1.0	0.0	0	0.0	0.0	0	0.0	0.0	N/A
TYS	10	1	0.0	0.0	0	0.0	0.0	0	0.0	0.0	N/A
TYS	11	2	13.0	14.0	0	0.0	0.0	0	0.0	0.0	N/A
VCT	9	1	0.0	0.0	0	0.0	0.0	0	0.0	0.0	N/A
VCT	11	0	0.0	0.0	0	0.0	0.0	1	317.0	328.0	N/A
VPS	2	1	0.0	0.0	0	0.0	0.0	0	0.0	0.0	N/A
VPS	4	1	0.0	0.0	0	0.0	0.0	0	0.0	0.0	N/A
VPS	6	2	4.0	7.0	0	0.0	0.0	0	0.0	0.0	N/A
VPS	7	1	0.0	0.0	0	0.0	0.0	1	183.0	190.0	N/A
VPS	8	1	0.0	0.0	0	0.0	0.0	0	0.0	0.0	N/A
VPS	10	0	0.0	0.0	1	19.0	20.0	0	0.0	0.0	N/A
VPS	12	1	0.0	7.0	0	0.0	0.0	0	0.0	0.0	N/A
WRG	7	1	0.0	0.0	0	0.0	0.0	0	0.0	0.0	N/A
WYS	6	1	0.0	0.0	0	0.0	0.0	0	0.0	0.0	N/A
XNA	3	2	0.0	6.0	0	0.0	0.0	0	0.0	0.0	N/A
XNA	4	3	0.0	5.0	0	0.0	0.0	0	0.0	0.0	N/A
XNA	5	1	0.0	0.0	0	0.0	0.0	0	0.0	0.0	N/A
XNA	6	1	0.0	0.0	0	0.0	0.0	0	0.0	0.0	N/A
XNA	7	3	9.0	20.0	0	0.0	0.0	0	0.0	0.0	N/A
XNA	8	1	0.0	0.0	0	0.0	0.0	0	0.0	0.0	N/A
XNA	9	3	0.0	0.0	0	0.0	0.0	0	0.0	0.0	N/A
XNA	10	3	0.0	0.0	0	0.0	0.0	0	0.0	0.0	N/A
XNA	12	1	0.0	0.0	1	29.0	13.0	0	0.0	0.0	N/A
XWA	4	1	0.0	0.0	0	0.0	0.0	0	0.0	0.0	N/A
XWA	8	1	0.0	0.0	0	0.0	0.0	0	0.0	0.0	N/A
YUM	3	0	0.0	0.0	0	0.0	0.0	1	433.0	425.0	N/A
YUM	4	1	0.0	0.0	0	0.0	0.0	0	0.0	0.0	N/A
YUM	7	1	0.0	5.0	0	0.0	0.0	0	0.0	0.0	N/A
YUM	11	1	0.0	0.0	0	0.0	0.0	0	0.0	0.0	N/A
